1
1
1
2
1
3
1
4
3
5
1
6
1
7
5
8
1
9
1
10
7
11
1
12
5
13
9
14
1
15
1
16
11
17
7
18
13
19
1
20
1
21
15
22
1
23
5
24
17
25
9
26
1
27
19
28
1
29
1
30
1
31
11
32
7
33
23
34
5
35
13
36
1
37
1
38
17
39
1
40
29
41
7
42
1
43
15
44
1
45
31
46
1
47
5
48
1
49
33
50
1
51
13
52
37
53
1
54
11
55
19
56
1
57
1
58
7
59
5
60
41
61
31
62
9
63
1
64
43
65
13
66
1
67
1
68
23
69
35
70
1
71
11
72
1
73
49
74
15
75
1
76
1
77
39
78
1
79
27
80
41
81
1
82
1
83
17
84
1
85
43
86
29
87
1
88
59
89
45
90
1
91
23
92
47
93
1
94
19
95
1
96
13
97
49
98
1
99
25
100
51
101
17
102
1
103
1
104
53
105
1
106
1
107
27
108
55
109
1
110
37
111
1
112
19
113
57
114
1
115
29
116
1
117
59
118
1
119
17
120
61
121
1
122
41
123
31
124
1
125
63
126
1
127
1
128
43
129
1
130
13
131
33
132
67
133
1
134
27
135
1
136
23
137
69
138
1
139
35
140
71
141
47
142
1
143
13
144
29
145
73
146
49
147
1
148
1
149
1
150
1
151
1
152
51
153
1
154
31
155
1
156
79
157
1
158
53
159
1
160
81
161
23
162
1
163
41
164
83
165
1
166
1
167
1
168
17
169
85
170
1
171
1
172
29
173
87
174
1
175
1
176
59
177
1
178
1
179
45
180
91
181
1
182
61
183
1
184
93
185
37
186
1
187
1
188
47
189
1
190
1
191
1
192
97
193
1
194
1
195
1
196
1
197
1
198
1
199
1
200
67
201
1
202
1
203
29
204
41
205
1
206
1
207
1
208
21
209
19
210
1
211
1
212
53
213
71
214
1
215
43
216
73
217
31
218
109
219
1
220
1
221
17
222
37
223
1
224
113
225
1
226
1
227
1
228
23
229
1
230
1
231
1
232
39
233
1
234
1
235
47
236
1
237
79
238
119
239
1
240
121
241
1
242
1
243
1
244
1
245
49
246
41
247
19
248
83
249
1
250
1
251
1
252
127
253
23
254
1
255
1
256
43
257
1
258
1
259
37
260
131
261
1
262
1
263
1
264
1
265
53
266
1
267
89
268
1
269
1
270
1
271
1
272
91
273
1
274
137
275
1
276
139
277
1
278
1
279
1
280
47
281
1
282
1
283
1
284
1
285
1
286
1
287
41
288
29
289
17
290
1
291
97
292
1
293
1
294
1
295
59
296
99
297
1
298
149
299
23
300
151
301
43
302
1
303
101
304
61
305
1
306
1
307
1
308
1
309
103
310
1
311
1
312
157
313
1
314
1
315
1
316
1
317
1
318
53
319
1
320
107
321
1
322
1
323
17
324
1
325
1
326
163
327
109
328
83
329
47
330
1
331
1
332
1
333
1
334
167
335
67
336
1
337
1
338
169
339
113
340
1
341
31
342
1
343
1
344
43
345
1
346
1
347
1
348
1
349
1
350
1
351
1
352
59
353
1
354
1
355
71
356
1
357
17
358
179
359
1
360
181
361
19
362
1
363
1
364
1
365
73
366
61
367
1
368
123
369
1
370
1
371
53
372
1
373
1
374
1
375
1
376
47
377
29
378
1
379
1
380
191
381
127
382
1
383
1
384
77
385
1
386
193
387
1
388
1
389
1
390
1
391
17
392
197
393
131
394
1
395
79
396
1
397
1
398
199
399
1
400
67
401
1
402
1
403
31
404
1
405
1
406
1
407
37
408
41
409
1
410
1
411
137
412
1
413
59
414
1
415
83
416
139
417
1
418
209
419
1
420
1
421
1
422
211
423
1
424
53
425
1
426
71
427
61
428
1
429
143
430
1
431
1
432
29
433
1
434
1
435
1
436
109
437
23
438
1
439
1
440
221
441
1
442
1
443
1
444
1
445
89
446
223
447
149
448
1
449
1
450
1
451
41
452
1
453
151
454
227
455
1
456
229
457
1
458
1
459
1
460
1
461
1
462
1
463
1
464
233
465
1
466
1
467
1
468
1
469
67
470
1
471
157
472
1
473
43
474
1
475
1
476
1
477
1
478
239
479
1
480
241
481
37
482
1
483
1
484
1
485
97
486
1
487
1
488
61
489
163
490
1
491
1
492
1
493
29
494
1
495
1
496
83
497
71
498
1
499
1
500
251
501
167
502
1
503
1
504
1
505
101
506
253
507
169
508
1
509
1
510
1
511
73
512
1
513
1
514
257
515
103
516
1
517
47
518
259
519
173
520
1
521
1
522
1
523
1
524
1
525
1
526
263
527
31
528
53
529
23
530
1
531
1
532
1
533
41
534
89
535
107
536
1
537
179
538
269
539
1
540
1
541
1
542
271
543
181
544
1
545
109
546
1
547
1
548
137
549
1
550
1
551
29
552
1
553
1
554
277
555
1
556
1
557
1
558
1
559
43
560
1
561
1
562
281
563
1
564
1
565
113
566
283
567
1
568
1
569
1
570
1
571
1
572
1
573
191
574
1
575
1
576
1
577
1
578
289
579
193
580
1
581
83
582
97
583
53
584
73
585
1
586
293
587
1
588
1
589
19
590
1
591
197
592
1
593
1
594
1
595
119
596
149
597
199
598
299
599
1
600
1
601
1
602
1
603
1
604
151
605
121
606
101
607
1
608
1
609
1
610
1
611
47
612
1
613
1
614
307
615
1
616
1
617
1
618
103
619
1
620
1
621
1
622
311
623
89
624
1
625
1
626
313
627
209
628
157
629
37
630
1
631
1
632
79
633
211
634
317
635
127
636
1
637
1
638
319
639
1
640
1
641
1
642
107
643
1
644
1
645
1
646
17
647
1
648
1
649
59
650
1
651
31
652
163
653
1
654
109
655
131
656
1
657
1
658
47
659
1
660
1
661
1
662
331
663
1
664
1
665
133
666
1
667
29
668
167
669
223
670
1
671
61
672
1
673
1
674
337
675
1
676
1
677
1
678
113
679
97
680
1
681
227
682
1
683
1
684
1
685
137
686
1
687
229
688
1
689
53
690
1
691
1
692
173
693
1
694
347
695
139
696
1
697
41
698
349
699
233
700
1
701
1
702
1
703
37
704
1
705
1
706
353
707
101
708
1
709
1
710
1
711
1
712
1
713
1
714
17
715
143
716
179
717
239
718
359
719
1
720
1
721
103
722
361
723
241
724
181
725
1
726
1
727
1
728
1
729
1
730
1
731
43
732
1
733
1
734
367
735
1
736
1
737
67
738
1
739
1
740
1
741
1
742
53
743
1
744
1
745
149
746
373
747
1
748
1
749
107
750
1
751
1
752
1
753
251
754
29
755
151
756
1
757
1
758
379
759
253
760
1
761
1
762
127
763
109
764
191
765
1
766
383
767
1
768
1
769
1
770
1
771
257
772
193
773
1
774
1
775
1
776
97
777
259
778
389
779
19
780
1
781
71
782
391
783
1
784
1
785
157
786
131
787
1
788
197
789
263
790
1
791
113
792
1
793
61
794
397
795
1
796
199
797
1
798
133
799
47
800
1
801
1
802
401
803
73
804
1
805
161
806
403
807
269
808
101
809
1
810
1
811
1
812
1
813
271
814
37
815
163
816
1
817
43
818
409
819
1
820
1
821
1
822
137
823
1
824
103
825
1
826
413
827
1
828
1
829
1
830
1
831
277
832
1
833
17
834
139
835
167
836
1
837
1
838
419
839
1
840
1
841
29
842
421
843
281
844
211
845
169
846
1
847
121
848
1
849
283
850
1
851
1
852
1
853
1
854
61
855
1
856
107
857
1
858
143
859
1
860
1
861
1
862
431
863
1
864
1
865
173
866
433
867
289
868
1
869
79
870
1
871
67
872
109
873
1
874
437
875
1
876
1
877
1
878
439
879
293
880
1
881
1
882
147
883
1
884
1
885
1
886
443
887
1
888
1
889
127
890
1
891
1
892
223
893
47
894
149
895
179
896
1
897
299
898
449
899
29
900
1
901
53
902
451
903
1
904
113
905
181
906
151
907
1
908
227
909
101
910
1
911
1
912
1
913
83
914
457
915
1
916
229
917
131
918
153
919
1
920
1
921
307
922
461
923
71
924
1
925
1
926
463
927
309
928
1
929
1
930
1
931
19
932
233
933
311
934
467
935
187
936
1
937
1
938
67
939
313
940
1
941
1
942
157
943
41
944
1
945
1
946
473
947
1
948
1
949
73
950
1
951
317
952
119
953
1
954
159
955
191
956
239
957
319
958
479
959
137
960
1
961
31
962
481
963
107
964
241
965
193
966
1
967
1
968
121
969
17
970
1
971
1
972
1
973
139
974
487
975
1
976
1
977
1
978
163
979
89
980
1
981
1
982
491
983
1
984
1
985
197
986
493
987
329
988
1
989
43
990
1
991
1
992
1
993
331
994
497
995
199
996
1
997
1
998
499
999
333
1000
1
1001
143
1002
167
