0
3080
6920
10780
14700
18640
22580
26520
30460
34400
38340
42280
46220
50160
54100
58040
61980
65920
69860
73800
77740
81680
85620
89560
93500
97440
101380
105320
109260
113200
117140
121080
125020
128960
132900
136840
140780
144720
148660
152600
156540
160480
164420
168360
172300
176240
180180
184120
188060
192000
195940
199880
203820
207760
211700
215640
219580
223520
227460
231400
235340
239280
243220
247160
251100
255040
258980
262920
266860
270800
274740
278680
282620
286560
290500
294440
298380
302320
306260
310200
314140
318080
322020
325960
329900
333840
337780
341720
345660
349600
353540
357480
361420
365360
369300
373240
377180
381120
385060
389000
392940
396880
400820
404760
408700
412640
416580
420520
424460
428400
432340
436280
440220
444160
448100
452040
455980
459920
463860
467800
471740
475680
479620
483560
487500
491440
495380
499320
503260
507200
511140
515080
519020
522960
526900
530840
534780
538720
542660
546600
550540
554480
558420
562360
566300
570240
574180
578120
582060
586000
589940
593880
597820
601760
605700
609640
613580
617520
621460
625400
629340
633280
637220
641160
645100
649040
652980
656920
660860
664800
668740
672680
676620
680560
684500
688440
692380
696320
700260
704200
708140
712080
716020
719960
723900
727840
731780
735720
739660
743600
747540
751480
755420
759360
763300
767240
771180
775120
779060
783000
786940
790880
794820
798760
802700
806640
810580
814520
818460
822400
826340
830280
834220
838160
842100
846040
849980
853920
857860
861800
685740
689680
693620
697560
701500
705440
709380
713320
717260
721200
725140
729080
733020
736960
740900
744840
748780
752720
756660
760600
764540
768480
772420
776360
780300
784240
788180
792120
796060
800000
803940
807880
811820
815760
819700
823640
827580
831520
835460
839400
843340
847280
851220
855160
859100
863040
866980
870920
874860
878800
882740
886680
890620
894560
898500
902440
906380
910320
914260
918200
922140
926080
930020
633960
637900
641840
645780
649720
653660
657600
661540
665480
669420
673360
677300
681240
685180
689120
693060
697000
700940
704880
708820
712760
716700
720640
724580
728520
732460
736400
740340
744280
748220
752160
756100
760040
763980
767920
771860
775800
779740
783680
787620
791560
795500
799440
803380
807320
811260
815200
819140
823080
827020
830960
834900
838840
842780
846720
850660
854600
858540
862480
866420
870360
874300
878240
882180
886120
890060
894000
897940
901880
905820
909760
913700
917640
921580
925520
582180
586120
590060
594000
597940
601880
605820
609760
613700
617640
621580
625520
629460
633400
637340
641280
645220
649160
653100
657040
660980
664920
668860
672800
676740
680680
684620
688560
692500
696440
700380
704320
708260
712200
716140
720080
724020
727960
731900
735840
739780
743720
747660
751600
755540
759480
763420
767360
771300
775240
779180
783120
787060
791000
794940
798880
802820
806760
810700
814640
818580
822520
826460
830400
834340
838280
842220
846160
850100
854040
857980
861920
865860
869800
873740
540400
544340
548280
552220
556160
560100
564040
567980
571920
575860
579800
583740
587680
591620
595560
599500
603440
607380
611320
615260
619200
623140
627080
631020
634960
638900
642840
646780
650720
654660
658600
662540
666480
670420
674360
678300
682240
686180
690120
694060
698000
701940
705880
709820
713760
717700
721640
725580
729520
733460
737400
741340
745280
749220
753160
757100
761040
764980
768920
772860
776800
780740
784680
788620
792560
796500
800440
804380
808320
812260
816200
820140
824080
828020
831960
835900
839840
843780
847720
851660
855600
859540
863480
867420
871360
488620
492560
496500
500440
504380
508320
512260
516200
520140
524080
528020
531960
535900
539840
543780
547720
551660
555600
559540
563480
567420
571360
575300
579240
583180
587120
591060
595000
598940
602880
606820
610760
614700
618640
622580
626520
630460
634400
638340
642280
646220
650160
654100
658040
661980
665920
669860
673800
677740
681680
685620
689560
693500
697440
701380
705320
709260
713200
717140
721080
725020
728960
732900
736840
740780
744720
748660
752600
756540
760480
764420
768360
772300
776240
778180
782120
786060
789000
791940
794880
797820
800760
803700
806640
809580
812520
815460
818400
821340
824280
827220
830160
833100
836040
838980
841920
844860
847800
850740
853680
856620
859560
862500
865440