11
13
13
15
15
17
17
19
19
21
21
23
23
25
25
27
27
29
29
31
31
33
33
35
35
37
37
39
39
41
41
43
43
45
45
47
47
49
49
51
51
53
53
55
55
57
57
59
59
61
61
63
63
65
65
67
67
69
69
71
71
73
73
75
75
77
77
79
79
81
81
83
83
85
85
87
87
89
89
91
91
93
93
95
95
97
97
99
99
101
101
103
103
105
105
107
107
109
109
111
111
113
113
115
115
117
117
119
119
121
121
123
123
125
125
127
127
129
129
131
131
133
133
135
135
137
137
139
139
141
141
143
143
145
145
147
147
149
149
151
151
153
153
155
155
157
157
159
159
161
161
163
163
165
165
167
167
169
169
171
171
173
173
175
175
177
177
179
179
181
181
183
183
185
185
187
187
189
189
191
191
193
193
195
195
197
197
199
199
201
201
203
203
205
205
207
207
209
209
211
211
213
213
215
215
217
217
219
219
221
221
223
223
225
225
227
227
229
229
231
231
233
233
235
235
237
237
239
239
241
241
243
243
245
245
247
247
249
249
251
251
253
253
255
255
257
257
259
259
261
261
263
263
265
265
267
267
269
269
271
271
273
273
275
275
277
277
279
279
281
281
283
283
285
285
287
287
289
289
291
291
293
293
295
295
297
297
299
299
301
301
303
303
305
305
307
307
309
309
311
311
313
313
315
315
317
317
319
319
321
321
323
323
325
325
327
327
329
329
331
331
333
333
335
335
337
337
339
339
341
341
343
343
345
345
347
347
349
349
351
351
353
353
355
355
357
357
359
359
361
361
363
363
365
365
367
367
369
369
371
371
373
373
375
375
377
377
379
379
381
381
383
383
385
385
387
387
389
389
391
391
393
393
395
395
397
397
399
399
401
401
403
403
405
405
407
407
409
409
411
411
413
413
415
415
417
417
419
419
421
421
423
423
425
425
427
427
429
429
431
431
433
433
435
435
437
437
439
439
441
441
443
443
445
445
447
447
449
449
451
451
453
453
455
455
457
457
459
459
461
461
463
463
465
465
467
467
469
469
471
471
473
473
475
475
477
477
479
479
481
481
483
483
485
485
487
487
489
489
491
491
493
493
495
495
497
497
499
499
501
501
503
503
505
505
507
507
509
509
511
511
513
513
515
515
517
517
519
519
521
521
523
523
525
525
527
527
529
529
531
531
533
533
535
535
537
537
539
539
541
541
543
543
545
545
547
547
549
549
551
551
553
553
555
555
557
557
559
559
561
561
563
563
565
565
567
567
569
569
571
571
573
573
575
575
577
577
579
579
581
581
583
583
585
585
587
587
589
589
591
591
593
593
595
595
597
597
599
599
601
601
603
603
605
605
607
607
609
609
611
611
613
613
615
615
617
617
619
619
621
621
623
623
625
625
627
627
629
629
631
631
633
633
635
635
637
637
639
639
641
641
643
643
645
645
647
647
649
649
651
651
653
653
655
655
657
657
659
659
661
661
663
663
665
665
667
667
669
669
671
671
673
673
675
675
677
677
679
679
681
681
683
683
685
685
687
687
689
689
691
691
693
693
695
695
697
697
699
699
701
701
703
703
705
705
707
707
709
709
711
711
713
713
715
715
717
717
719
719
721
721
723
723
725
725
727
727
729
729
731
731
733
733
735
735
737
737
739
739
741
741
743
743
745
745
747
747
749
749
751
751
753
753
755
755
757
757
759
759
761
761
763
763
765
765
767
767
769
769
771
771
773
773
775
775
777
777
779
779
781
781
783
783
785
785
787
787
789
789
791
791
793
793
795
795
797
797
799
799
801
801
803
803
805
805
807
807
809
809
811
811
813
813
815
815
817
817
819
819
821
821
823
823
825
825
827
827
829
829
831
831
833
833
835
835
837
837
839
839
841
841
843
843
845
845
847
847
849
849
851
851
853
853
855
855
857
857
859
859
861
861
863
863
865
865
867
867
869
869
871
871
873
873
875
875
877
877
879
879
881
881
883
883
885
885
887
887
889
889
891
891
893
893
895
895
897
897
899
899
901
901
903
903
905
905
907
907
909
909
911
911
913
913
915
915
917
917
919
919
921
921
923
923
925
925
927
927
929
929
931
931
933
933
935
935
937
937
939
939
941
941
943
943
945
945
947
947
949
949
951
951
953
953
955
955
957
957
959
959
961
961
963
963
965
965
967
967
969
969
971
971
973
973
975
975
977
977
979
979
981
981
983
983
985
985
987
987
989
989
991
991
993
993
995
995
997
997
999
999
1001
1001
1003
1003
1005
1005
1007
1007
1009
1009
1011
1011
1013
1013
1015
1015
1017
1017
1019
1019
1021
1021
1023
1023
1025
1025
1027
1027
1029
1029
1031
1031
1033
1033
1035
1035
1037
1037
1039
1039
1041
1041
1043
1043
1045
1045
1047
1047
1049
1049
1051
1051
1053
1053
1055
1055
1057
1057
1059
1059
1061
1061
1063
1063
1065
1065
1067
1067
1069
1069
1071
1071
1073
1073
1075
1075
1077
1077
1079
1079
1081
1081
1083
1083
1085
1085
1087
1087
1089
1089
1091
1091
1093
1093
1095
1095
1097
1097
1099
1099
1101
1101
1103
1103
1105
1105
1107
1107
1109
1109
1111
1111
1113
1113
1115
1115
1117
1117
1119
1119
1121
1121
1123
1123
1125
1125
1127
1127
1129
1129
1131
1131
1133
1133
1135
1135
1137
1137
1139
1139
1141
1141
1143
1143
1145
1145
1147
1147
1149
1149
1151
1151
1153
1153
1155
1155
1157
1157
1159
1159
1161
1161
1163
1163
1165
1165
1167
1167
1169
1169
1171
1171
1173
1173
1175
1175
1177
1177
1179
1179
1181
1181
1183
1183
1185
1185
1187
1187
1189
1189
1191
1191
1193
1193
1195
1195
1197
1197
1199
1199
1201
1201
1203
1203
1205
1205
1207
1207
1209
1209
1211
1211
1213
1213
1215
1215
1217
1217
1219
1219
1221
1221
1223
1223
1225
1225
1227
1227
1229
1229
1231
1231
1233
1233
1235
1235
1237
1237
1239
1239
1241
1241
1243
1243
1245
1245
1247
1247
1249
1249
1251
1251
1253
1253
1255
1255
1257
1257
1259
1259
1261
1261
1263
1263
1265
1265
1267
1267
1269
1269
1271
1271
1273
1273
1275
1275
1277
1277
1279
1279
1281
1281
1283
1283
1285
1285
1287
1287
1289
1289
1291
1291
1293
1293
1295
1295
1297
1297
1299
1299
1301
1301
1303
1303
1305
1305
1307
1307
1309
1309
1311
1311
1313
1313
1315
1315
1317
1317
1319
1319
1321
1321
1323
1323
1325
1325
1327
1327
1329
1329
1331
1331
1333
1333
1335
1335
1337
1337
1339
1339
1341
1341
1343
1343
1345
1345
1347
1347
1349
1349
1351
1351
1353
1353
1355
1355
1357
1357
1359
1359
1361
1361
1363
1363
1365
1365
1367
1367
1369
1369
1371
1371
1373
1373
1375
1375
1377
1377
1379
1379
1381
1381
1383
1383
1385
1385
1387
1387
1389
1389
1391
1391
1393
1393
1395
1395
1397
1397
1399
1399
1401
1401
1403
1403
1405
1405
1407
1407
1409
1409
1411
1411
1413
1413
1415
1415
1417
1417
1419
1419
1421
1421
1423
1423
1425
1425
1427
1427
1429
1429
1431
1431
1433
1433
1435
1435
1437
1437
1439
1439
1441
1441
1443
1443
1445
1445
1447
1447
1449
1449
1451
1451
1453
1453
1455
1455
1457
1457
1459
1459
1461
1461
1463
1463
1465
1465
1467
1467
1469
1469
1471
1471
1473
1473
1475
1475
1477
1477
1479
1479
1481
1481
1483
1483
1485
1485
1487
1487
1489
1489
1491
1491
1493
1493
1495
1495
1497
1497
1499
1499
1501
1501
1503
1503
1505
1505
1507
1507
1509
1509
1511
1511
1513
1513
1515
1515
1517
1517
1519
1519
1521
1521
1523
1523
1525
1525
1527
1527
1529
1529
1531
1531
1533
1533
1535
1535
1537
1537
1539
1539
1541
1541
1543
1543
1545
1545
1547
1547
1549
1549
1551
1551
1553
1553
1555
1555
1557
1557
1559
1559
1561
1561
1563
1563
1565
1565
1567
1567
1569
1569
1571
1571
1573
1573
1575
1575
1577
1577
1579
1579
1581
1581
1583
1583
1585
1585
1587
1587
1589
1589
1591
1591
1593
1593
1595
1595
1597
1597
1599
1599
1601
1601
1603
1603
1605
1605
1607
1607
1609
1609
1611
1611
1613
1613
1615
1615
1617
1617
1619
1619
1621
1621
1623
1623
1625
1625
1627
1627
1629
1629
1631
1631
1633
1633
1635
1635
1637
1637
1639
1639
1641
1641
1643
1643
1645
1645
1647
1647
1649
1649
1651
1651
1653
1653
1655
1655
1657
1657
1659
1659
1661
1661
1663
1663
1665
1665
1667
1667
1669
1669
1671
1671
1673
1673
1675
1675
1677
1677
1679
1679
1681
1681
1683
1683
1685
1685
1687
1687
1689
1689
1691
1691
1693
1693
1695
1695
1697
1697
1699
1699
1701
1701
1703
1703
1705
1705
1707
1707
1709
1709
1711
1711
1713
1713
1715
1715
1717
1717
1719
1719
1721
1721
1723
1723
1725
1725
1727
1727
1729
1729
1731
1731
1733
1733
1735
1735
1737
1737
1739
1739
1741
1741
1743
1743
1745
1745
1747
1747
1749
1749
1751
1751
1753
1753
1755
1755
1757
1757
1759
1759
1761
1761
1763
1763
1765
1765
1767
1767
1769
1769
1771
1771
1773
1773
1775
1775
1777
1777
1779
1779
1781
1781
1783
1783
1785
1785
1787
1787
1789
1789
1791
1791
1793
1793
1795
1795
1797
1797
1799
1799
1801
1801
1803
1803
1805
1805
1807
1807
1809
1809
1811
1811
1813
1813
1815
1815
1817
1817
1819
1819
1821
1821
1823
1823
1825
1825
1827
1827
1829
1829
1831
1831
1833
1833
1835
1835
1837
1837
1839
1839
1841
1841
1843
1843
1845
1845
1847
1847
1849
1849
1851
1851
1853
1853
1855
1855
1857
1857
1859
1859
1861
1861
1863
1863
1865
1865
1867
1867
1869
1869
1871
1871
1873
1873
1875
1875
1877
1877
1879
1879
1881
1881
1883
1883
1885
1885
1887
1887
1889
1889
1891
1891
1893
1893
1895
1895
1897
1897
1899
1899
1901
1901
1903
1903
1905
1905
1907
1907
1909
1909
1911
1911
1913
1913
1915
1915
1917
1917
1919
1919
1921
1921
1923
1923
1925
1925
1927
1927
1929
1929
1931
1931
1933
1933
1935
1935
1937
1937
1939
1939
1941
1941
1943
1943
1945
1945
1947
1947
1949
1949
1951
1951
1953
1953
1955
1955
1957
1957
1959
1959
1961
1961
1963
1963
1965
1965
1967
1967
1969
1969
1971
1971
1973
1973
1975
1975
1977
1977
1979
1979
1981
1981
1983
1983
1985
1985
1987
1987
1989
1989
1991
1991
1993
1993
1995
1995
1997
1997
1999
1999
2001
2001
2003
2003
2005
2005
2007
2007
2009
2009
2011
2011
2013
2013
2015
2015
2017
2017
2019
2019
2021
2021
2023
2023
2025
2025
2027
2027
2029
2029
2031
2031
2033
2033
2035
2035
2037
2037
2039
2039
2041
2041
2043
2043
2045
2045
2047
2047
2049
2049
2051
2051
2053
2053
2055
2055
2057
2057
2059
2059
2061
2061
2063
2063
2065
2065
2067
2067
2069
2069
2071
2071
2073
2073
2075
2075
2077
2077
2079
2079
2081
2081
2083
2083
2085
2085
2087
2087
2089
2089
2091
2091
2093
2093
2095
2095
2097
2097
2099
2099
2101
2101
2103
2103
2105
2105
2107
2107
2109
2109
2111
2111
2113
2113
2115
2115
2117
2117
2119
2119
2121
2121
2123
2123
2125
2125
2127
2127
2129
2129
2131
2131
2133
2133
2135
2135
2137
2137
2139
2139
2141
2141
2143
2143
2145
2145
2147
2147
2149
2149
2151
2151
2153
2153
2155
2155
2157
2157
2159
2159
2161
2161
2163
2163
2165
2165
2167
2167
2169
2169
2171
2171
2173
2173
2175
2175
2177
2177
2179
2179
2181
2181
2183
2183
2185
2185
2187
2187
2189
2189
2191
2191
2193
2193
2195
2195
2197
2197
2199
2199
2201
2201
2203
2203
2205
2205
2207
2207
2209
2209
2211
2211
2213
2213
2215
2215
2217
2217
2219
2219
2221
2221
2223
2223
2225
2225
2227
2227
2229
2229
2231
2231
2233
2233
2235
2235
2237
2237
2239
2239
2241
2241
2243
2243
2245
2245
2247
2247
2249
2249
2251
2251
2253
2253
2255
2255
2257
2257
2259
2259
2261
2261
2263
2263
2265
2265
2267
2267
2269
2269
2271
2271
2273
2273
2275
2275
2277
2277
2279
2279
2281
2281
2283
2283
2285
2285
2287
2287
2289
2289
2291
2291
2293
2293
2295
2295
2297
2297
2299
2299
2301
2301
2303
2303
2305
2305
2307
2307
2309
2309
2311
2311
2313
2313
2315
2315
2317
2317
2319
2319
2321
2321
2323
2323
2325
2325
2327
2327
2329
2329
2331
2331
2333
2333
2335
2335
2337
2337
2339
2339
2341
2341
2343
2343
2345
2345
2347
2347
2349
2349
2351
2351
2353
2353
2355
2355
2357
2357
2359
2359
2361
2361
2363
2363
2365
2365
2367
2367
2369
2369
2371
2371
2373
2373
2375
2375
2377
2377
2379
2379
2381
2381
2383
2383
2385
2385
2387
2387
2389
2389
2391
2391
2393
2393
2395
2395
2397
2397
2399
2399
2401
2401
2403
2403
2405
2405
2407
2407
2409
2409
2411
2411
2413
2413
2415
2415
2417
2417
2419
2419
2421
2421
2423
2423
2425
2425
2427
2427
2429
2429
2431
2431
2433
2433
2435
2435
2437
2437
2439
2439
2441
2441
2443
2443
2445
2445
2447
2447
2449
2449
2451
2451
2453
2453
2455
2455
2457
2457
2459
2459
2461
2461
2463
2463
2465
2465
2467
2467
2469
2469
2471
2471
2473
2473
2475
2475
2477
2477
2479
2479
2481
2481
2483
2483
2485
2485
2487
2487
2489
2489
2491
2491
2493
2493
2495
2495
2497
2497
2499
2499
2501
2501
2503
2503
2505
2505
2507
2507
2509
2509
2511
2511
2513
2513
2515
2515
2517
2517
2519
2519
2521
2521
2523
2523
2525
2525
2527
2527
2529
2529
2531
2531
2533
2533
2535
2535
2537
2537
2539
2539
2541
2541
2543
2543
2545
2545
2547
2547
2549
2549
2551
2551
2553
2553
2555
2555
2557
2557
2559
2559
2561
2561
2563
2563
2565
2565
2567
2567
2569
2569
2571
2571
2573
2573
2575
2575
2577
2577
2579
2579
2581
2581
2583
2583
2585
2585
2587
2587
2589
2589
2591
2591
2593
2593
2595
2595
2597
2597
2599
2599
2601
2601
2603
2603
2605
2605
2607
2607
2609
2609
2611
2611
2613
2613
2615
2615
2617
2617
2619
2619
2621
2621
2623
2623
2625
2625
2627
2627
2629
2629
2631
2631
2633
2633
2635
2635
2637
2637
2639
2639
2641
2641
2643
2643
2645
2645
2647
2647
2649
2649
2651
2651
2653
2653
2655
2655
2657
2657
2659
2659
2661
2661
2663
2663
2665
2665
2667
2667
2669
2669
2671
2671
2673
2673
2675
2675
2677
2677
2679
2679
2681
2681
2683
2683
2685
2685
2687
2687
2689
2689
2691
2691
2693
2693
2695
2695
2697
2697
2699
2699
2701
2701
2703
2703
2705
2705
2707
2707
2709
2709
2711
2711
2713
2713
2715
2715
2717
2717
2719
2719
2721
2721
2723
2723
2725
2725
2727
2727
2729
2729
2731
2731
2733
2733
2735
2735
2737
2737
2739
2739
2741
2741
2743
2743
2745
2745
2747
2747
2749
2749
2751
2751
2753
2753
2755
2755
2757
2757
2759
2759
2761
2761
2763
2763
2765
2765
2767
2767
2769
2769
2771
2771
2773
2773
2775
2775
2777
2777
2779
2779
2781
2781
2783
2783
2785
2785
2787
2787
2789
2789
2791
2791
2793
2793
2795
2795
2797
2797
2799
2799
2801
2801
2803
2803
2805
2805
2807
2807
2809
2809
2811
2811
2813
2813
2815
2815
2817
2817
2819
2819
2821
2821
2823
2823
2825
2825
2827
2827
2829
2829
2831
2831
2833
2833
2835
2835
2837
2837
2839
2839
2841
2841
2843
2843
2845
2845
2847
2847
2849
2849
2851
2851
2853
2853
2855
2855
2857
2857
2859
2859
2861
2861
2863
2863
2865
2865
2867
2867
2869
2869
2871
2871
2873
2873
2875
2875
2877
2877
2879
2879
2881
2881
2883
2883
2885
2885
2887
2887
2889
2889
2891
2891
2893
2893
2895
2895
2897
2897
2899
2899
2901
2901
2903
2903
2905
2905
2907
2907
2909
2909
2911
2911
2913
2913
2915
2915
2917
2917
2919
2919
2921
2921
2923
2923
2925
2925
2927
2927
2929
2929
2931
2931
2933
2933
2935
2935
2937
2937
2939
2939
2941
2941
2943
2943
2945
2945
2947
2947
2949
2949
2951
2951
2953
2953
2955
2955
2957
2957
2959
2959
2961
2961
2963
2963
2965
2965
2967
2967
2969
2969
2971
2971
2973
2973
2975
2975
2977
2977
2979
2979
2981
2981
2983
2983
2985
2985
2987
2987
2989
2989
2991
2991
2993
2993
2995
2995
2997
2997
2999
2999
3001
3001
3003
3003
3005
3005
3007
3007
3009
3009
3011
3011
3013
3013
3015
3015
3017
3017
3019
3019
3021
3021
3023
3023
3025
3025
3027
3027
3029
3029
3031
3031
3033
3033
3035
3035
3037
3037
3039
3039
3041
3041
3043
3043
3045
3045
3047
3047
3049
3049
3051
3051
3053
3053
3055
3055
3057
3057
3059
3059
3061
3061
3063
3063
3065
3065
3067
3067
3069
3069
3071
3071
3073
3073
3075
3075
3077
3077
3079
3079
3081
3081
3083
3083
3085
3085
3087
3087
3089
3089
3091
3091
3093
3093
3095
3095
3097
3097
3099
3099
3101
3101
3103
3103
3105
3105
3107
3107
3109
3109
3111
3111
3113
3113
3115
3115
3117
3117
3119
3119
3121
3121
3123
3123
3125
3125
3127
3127
3129
3129
3131
3131
3133
3133
3135
3135
3137
3137
3139
3139
3141
3141
3143
3143
3145
3145
3147
3147
3149
3149
3151
3151
3153
3153
3155
3155
3157
3157
3159
3159
3161
3161
3163
3163
3165
3165
3167
3167
3169
3169
3171
3171
3173
3173
3175
3175
3177
3177
3179
3179
3181
3181
3183
3183
3185
3185
3187
3187
3189
3189
3191
3191
3193
3193
3195
3195
3197
3197
3199
3199
3201
3201
3203
3203
3205
3205
3207
3207
3209
3209
3211
3211
3213
3213
3215
3215
3217
3217
3219
3219
3221
3221
3223
3223
3225
3225
3227
3227
3229
3229
3231
3231
3233
3233
3235
3235
3237
3237
3239
3239
3241
3241
3243
3243
3245
3245
3247
3247
3249
3249
3251
3251
3253
3253
3255
3255
3257
3257
3259
3259
3261
3261
3263
3263
3265
3265
3267
3267
3269
3269
3271
3271
3273
3273
3275
3275
3277
3277
3279
3279
3281
3281
3283
3283
3285
3285
3287
3287
3289
3289
3291
3291
3293
3293
3295
3295
3297
3297
3299
3299
3301
3301
3303
3303
3305
3305
3307
3307
3309
3309
3311
3311
3313
3313
3315
3315
3317
3317
3319
3319
3321
3321
3323
3323
3325
3325
3327
3327
3329
3329
3331
3331
3333
3333
3335
3335
3337
3337
3339
3339
3341
3341
3343
3343
3345
3345
3347
3347
3349
3349
3351
3351
3353
3353
3355
3355
3357
3357
3359
3359
3361
3361
3363
3363
3365
3365
3367
3367
3369
3369
3371
3371
3373
3373
3375
3375
3377
3377
3379
3379
3381
3381
3383
3383
3385
3385
3387
3387
3389
3389
3391
3391
3393
3393
3395
3395
3397
3397
3399
3399
3401
3401
3403
3403
3405
3405
3407
3407
3409
3409
3411
3411
3413
3413
3415
3415
3417
3417
3419
3419
3421
3421
3423
3423
3425
3425
3427
3427
3429
3429
3431
3431
3433
3433
3435
3435
3437
3437
3439
3439
3441
3441
3443
3443
3445
3445
3447
3447
3449
3449
3451
3451
3453
3453
3455
3455
3457
3457
3459
3459
3461
3461
3463
3463
3465
3465
3467
3467
3469
3469
3471
3471
3473
3473
3475
3475
3477
3477
3479
3479
3481
3481
3483
3483
3485
3485
3487
3487
3489
3489
3491
3491
3493
3493
3495
3495
3497
3497
3499
3499
3501
3501
3503
3503
3505
3505
3507
3507
3509
3509
3511
3511
3513
3513
3515
3515
3517
3517
3519
3519
3521
3521
3523
3523
3525
3525
3527
3527
3529
3529
3531
3531
3533
3533
3535
3535
3537
3537
3539
3539
3541
3541
3543
3543
3545
3545
3547
3547
3549
3549
3551
3551
3553
3553
3555
3555
3557
3557
3559
3559
3561
3561
3563
3563
3565
3565
3567
3567
3569
3569
3571
3571
3573
3573
3575
3575
3577
3577
3579
3579
3581
3581
3583
3583
3585
3585
3587
3587
3589
3589
3591
3591
3593
3593
3595
3595
3597
3597
3599
3599
3601
3601
3603
3603
3605
3605
3607
3607
3609
3609
3611
3611
3613
3613
3615
3615
3617
3617
3619
3619
3621
3621
3623
3623
3625
3625
3627
3627
3629
3629
3631
3631
3633
3633
3635
3635
3637
3637
3639
3639
3641
3641
3643
3643
3645
3645
3647
3647
3649
3649
3651
3651
3653
3653
3655
3655
3657
3657
3659
3659
3661
3661
3663
3663
3665
3665
3667
3667
3669
3669
3671
3671
3673
3673
3675
3675
3677
3677
3679
3679
3681
3681
3683
3683
3685
3685
3687
3687
3689
3689
3691
3691
3693
3693
3695
3695
3697
3697
3699
3699
3701
3701
3703
3703
3705
3705
3707
3707
3709
3709
3711
3711
3713
3713
3715
3715
3717
3717
3719
3719
3721
3721
3723
3723
3725
3725
3727
3727
3729
3729
3731
3731
3733
3733
3735
3735
3737
3737
3739
3739
3741
3741
3743
3743
3745
3745
3747
3747
3749
3749
3751
3751
3753
3753
3755
3755
3757
3757
3759
3759
3761
3761
3763
3763
3765
3765
3767
3767
3769
3769
3771
3771
3773
3773
3775
3775
3777
3777
3779
3779
3781
3781
3783
3783
3785
3785
3787
3787
3789
3789
3791
3791
3793
3793
3795
3795
3797
3797
3799
3799
3801
3801
3803
3803
3805
3805
3807
3807
3809
3809
3811
3811
3813
3813
3815
3815
3817
3817
3819
3819
3821
3821
3823
3823
3825
3825
3827
3827
3829
3829
3831
3831
3833
3833
3835
3835
3837
3837
3839
3839
3841
3841
3843
3843
3845
3845
3847
3847
3849
3849
3851
3851
3853
3853
3855
3855
3857
3857
3859
3859
3861
3861
3863
3863
3865
3865
3867
3867
3869
3869
3871
3871
3873
3873
3875
3875
3877
3877
3879
3879
3881
3881
3883
3883
3885
3885
3887
3887
3889
3889
3891
3891
3893
3893
3895
3895
3897
3897
3899
3899
3901
3901
3903
3903
3905
3905
3907
3907
3909
3909
3911
3911
3913
3913
3915
3915
3917
3917
3919
3919
3921
3921
3923
3923
3925
3925
3927
3927
3929
3929
3931
3931
3933
3933
3935
3935
3937
3937
3939
3939
3941
3941
3943
3943
3945
3945
3947
3947
3949
3949
3951
3951
3953
3953
3955
3955
3957
3957
3959
3959
3961
3961
3963
3963
3965
3965
3967
3967
3969
3969
3971
3971
3973
3973
3975
3975
3977
3977
3979
3979
3981
3981
3983
3983
3985
3985
3987
3987
3989
3989
3991
3991
3993
3993
3995
3995
3997
3997
3999
3999
4001
4001
4003
4003
4005
4005
4007
4007
4009
4009
4011
4011
4013
4013
4015
4015
4017
4017
4019
4019
4021
4021
4023
4023
4025
4025
4027
4027
4029
4029
4031
4031
4033
4033
4035
4035
4037
4037
4039
4039
4041
4041
4043
4043
4045
4045
4047
4047
4049
4049
4051
4051
4053
4053
4055
4055
4057
4057
4059
4059
4061
4061
4063
4063
4065
4065
4067
4067
4069
4069
4071
4071
4073
4073
4075
4075
4077
4077
4079
4079
4081
4081
4083
4083
4085
4085
4087
4087
4089
4089
4091
4091
4093
4093
4095
4095
4097
4097
4099
4099
4101
4101
4103
4103
4105
4105
4107
4107
4109
4109
4111
4111
4113
4113
4115
4115
4117
4117
4119
4119
4121
4121
4123
4123
4125
4125
4127
4127
4129
4129
4131
4131
4133
4133
4135
4135
4137
4137
4139
4139
4141
4141
4143
4143
4145
4145
4147
4147
4149
4149
4151
4151
4153
4153
4155
4155
4157
4157
4159
4159
4161
4161
4163
4163
4165
4165
4167
4167
4169
4169
4171
4171
4173
4173
4175
4175
4177
4177
4179
4179
4181
4181
4183
4183
4185
4185
4187
4187
4189
4189
4191
4191
4193
4193
4195
4195
4197
4197
4199
4199
4201
4201
4203
4203
4205
4205
4207
4207
4209
4209
4211
4211
4213
4213
4215
4215
4217
4217
4219
4219
4221
4221
4223
4223
4225
4225
4227
4227
4229
4229
4231
4231
4233
4233
4235
4235
4237
4237
4239
4239
4241
4241
4243
4243
4245
4245
4247
4247
4249
4249
4251
4251
4253
4253
4255
4255
4257
4257
4259
4259
4261
4261
4263
4263
4265
4265
4267
4267
4269
4269
4271
4271
4273
4273
4275
4275
4277
4277
4279
4279
4281
4281
4283
4283
4285
4285
4287
4287
4289
4289
4291
4291
4293
4293
4295
4295
4297
4297
4299
4299
4301
4301
4303
4303
4305
4305
4307
4307
4309
4309
4311
4311
4313
4313
4315
4315
4317
4317
4319
4319
4321
4321
4323
4323
4325
4325
4327
4327
4329
4329
4331
4331
4333
4333
4335
4335
4337
4337
4339
4339
4341
4341
4343
4343
4345
4345
4347
4347
4349
4349
4351
4351
4353
4353
4355
4355
4357
4357
4359
4359
4361
4361
4363
4363
4365
4365
4367
4367
4369
4369
4371
4371
4373
4373
4375
4375
4377
4377
4379
4379
4381
4381
4383
4383
4385
4385
4387
4387
4389
4389
4391
4391
4393
4393
4395
4395
4397
4397
4399
4399
4401
4401
4403
4403
4405
4405
4407
4407
4409
4409
4411
4411
4413
4413
4415
4415
4417
4417
4419
4419
4421
4421
4423
4423
4425
4425
4427
4427
4429
4429
4431
4431
4433
4433
4435
4435
4437
4437
4439
4439
4441
4441
4443
4443
4445
4445
4447
4447
4449
4449
4451
4451
4453
4453
4455
4455
4457
4457
4459
4459
4461
4461
4463
4463
4465
4465
4467
4467
4469
4469
4471
4471
4473
4473
4475
4475
4477
4477
4479
4479
4481
4481
4483
4483
4485
4485
4487
4487
4489
4489
4491
4491
4493
4493
4495
4495
4497
4497
4499
4499
4501
4501
4503
4503
4505
4505
4507
4507
4509
4509
4511
4511
4513
4513
4515
4515
4517
4517
4519
4519
4521
4521
4523
4523
4525
4525
4527
4527
4529
4529
4531
4531
4533
4533
4535
4535
4537
4537
4539
4539
4541
4541
4543
4543
4545
4545
4547
4547
4549
4549
4551
4551
4553
4553
4555
4555
4557
4557
4559
4559
4561
4561
4563
4563
4565
4565
4567
4567
4569
4569
4571
4571
4573
4573
4575
4575
4577
4577
4579
4579
4581
4581
4583
4583
4585
4585
4587
4587
4589
4589
4591
4591
4593
4593
4595
4595
4597
4597
4599
4599
4601
4601
4603
4603
4605
4605
4607
4607
4609
4609
4611
4611
4613
4613
4615
4615
4617
4617
4619
4619
4621
4621
4623
4623
4625
4625
4627
4627
4629
4629
4631
4631
4633
4633
4635
4635
4637
4637
4639
4639
4641
4641
4643
4643
4645
4645
4647
4647
4649
4649
4651
4651
4653
4653
4655
4655
4657
4657
4659
4659
4661
4661
4663
4663
4665
4665
4667
4667
4669
4669
4671
4671
4673
4673
4675
4675
4677
4677
4679
4679
4681
4681
4683
4683
4685
4685
4687
4687
4689
4689
4691
4691
4693
4693
4695
4695
4697
4697
4699
4699
4701
4701
4703
4703
4705
4705
4707
4707
4709
4709
4711
4711
4713
4713
4715
4715
4717
4717
4719
4719
4721
4721
4723
4723
4725
4725
4727
4727
4729
4729
4731
4731
4733
4733
4735
4735
4737
4737
4739
4739
4741
4741
4743
4743
4745
4745
4747
4747
4749
4749
4751
4751
4753
4753
4755
4755
4757
4757
4759
4759
4761
4761
4763
4763
4765
4765
4767
4767
4769
4769
4771
4771
4773
4773
4775
4775
4777
4777
4779
4779
4781
4781
4783
4783
4785
4785
4787
4787
4789
4789
4791
4791
4793
4793
4795
4795
4797
4797
4799
4799
4801
4801
4803
4803
4805
4805
4807
4807
4809
4809
4811
4811
4813
4813
4815
4815
4817
4817
4819
4819
4821
4821
4823
4823
4825
4825
4827
4827
4829
4829
4831
4831
4833
4833
4835
4835
4837
4837
4839
4839
4841
4841
4843
4843
4845
4845
4847
4847
4849
4849
4851
4851
4853
4853
4855
4855
4857
4857
4859
4859
4861
4861
4863
4863
4865
4865
4867
4867
4869
4869
4871
4871
4873
4873
4875
4875
4877
4877
4879
4879
4881
4881
4883
4883
4885
4885
4887
4887
4889
4889
4891
4891
4893
4893
4895
4895
4897
4897
4899
4899
4901
4901
4903
4903
4905
4905
4907
4907
4909
4909
4911
4911
4913
4913
4915
4915
4917
4917
4919
4919
4921
4921
4923
4923
4925
4925
4927
4927
4929
4929
4931
4931
4933
4933
4935
4935
4937
4937
4939
4939
4941
4941
4943
4943
4945
4945
4947
4947
4949
4949
4951
4951
4953
4953
4955
4955
4957
4957
4959
4959
4961
4961
4963
4963
4965
4965
4967
4967
4969
4969
4971
4971
4973
4973
4975
4975
4977
4977
4979
4979
4981
4981
4983
4983
4985
4985
4987
4987
4989
4989
4991
4991
4993
4993
4995
4995
4997
4997
4999
4999
5001
5001
5003
5003
5005
5005
5007
5007
5009
5009
5011
