1002 1002 250
1 1 4
1 2 8
1 3 12
1 4 16
1 5 20
1 6 24
1 7 28
1 8 32
1 9 36
1 10 40
1 11 44
1 12 48
1 13 52
1 14 56
1 15 60
1 16 64
1 17 68
1 18 72
1 19 76
1 20 80
1 21 84
1 22 88
1 23 92
1 24 96
1 25 100
1 26 104
1 27 108
1 28 112
1 29 116
1 30 120
1 31 124
1 32 128
1 33 132
1 34 136
1 35 140
1 36 144
1 37 148
1 38 152
1 39 156
1 40 160
1 41 164
1 42 168
1 43 172
1 44 176
1 45 180
1 46 184
1 47 188
1 48 192
1 49 196
1 50 200
1 51 204
1 52 208
1 53 212
1 54 216
1 55 220
1 56 224
1 57 228
1 58 232
1 59 236
1 60 240
1 61 244
1 62 248
1 63 252
1 64 256
1 65 260
1 66 264
1 67 268
1 68 272
1 69 276
1 70 280
1 71 284
1 72 288
1 73 292
1 74 296
1 75 300
1 76 304
1 77 308
1 78 312
1 79 316
1 80 320
1 81 324
1 82 328
1 83 332
1 84 336
1 85 340
1 86 344
1 87 348
1 88 352
1 89 356
1 90 360
1 91 364
1 92 368
1 93 372
1 94 376
1 95 380
1 96 384
1 97 388
1 98 392
1 99 396
1 100 400
1 101 404
1 102 408
1 103 412
1 104 416
1 105 420
1 106 424
1 107 428
1 108 432
1 109 436
1 110 440
1 111 444
1 112 448
1 113 452
1 114 456
1 115 460
1 116 464
1 117 468
1 118 472
1 119 476
1 120 480
1 121 484
1 122 488
1 123 492
1 124 496
1 125 500
1 126 504
1 127 508
1 128 512
1 129 516
1 130 520
1 131 524
1 132 528
1 133 532
1 134 536
1 135 540
1 136 544
1 137 548
1 138 552
1 139 556
1 140 560
1 141 564
1 142 568
1 143 572
1 144 576
1 145 580
1 146 584
1 147 588
1 148 592
1 149 596
1 150 600
1 151 604
1 152 608
1 153 612
1 154 616
1 155 620
1 156 624
1 157 628
1 158 632
1 159 636
1 160 640
1 161 644
1 162 648
1 163 652
1 164 656
1 165 660
1 166 664
1 167 668
1 168 672
1 169 676
1 170 680
1 171 684
1 172 688
1 173 692
1 174 696
1 175 700
1 176 704
1 177 708
1 178 712
1 179 716
1 180 720
1 181 724
1 182 728
1 183 732
1 184 736
1 185 740
1 186 744
1 187 748
1 188 752
1 189 756
1 190 760
1 191 764
1 192 768
1 193 772
1 194 776
1 195 780
1 196 784
1 197 788
1 198 792
1 199 796
1 200 800
1 201 804
1 202 808
1 203 812
1 204 816
1 205 820
1 206 824
1 207 828
1 208 832
1 209 836
1 210 840
1 211 844
1 212 848
1 213 852
1 214 856
1 215 860
1 216 864
1 217 868
1 218 872
1 219 876
1 220 880
1 221 884
1 222 888
1 223 892
1 224 896
1 225 900
1 226 904
1 227 908
1 228 912
1 229 916
1 230 920
1 231 924
1 232 928
1 233 932
1 234 936
1 235 940
1 236 944
1 237 948
1 238 952
1 239 956
1 240 960
1 241 964
1 242 968
1 243 972
1 244 976
1 245 980
1 246 984
1 247 988
1 248 992
1 249 996
1 250 1000
