1002 10
1000000 1000000
1000001 1000001
1000002 1000002
1000003 1000003
1000004 1000004
1000005 1000005
1000006 1000006
1000007 1000007
1000008 1000008
1000009 1000009
1000010 1000010
1000011 1000011
1000012 1000012
1000013 1000013
1000014 1000014
1000015 1000015
1000016 1000016
1000017 1000017
1000018 1000018
1000019 1000019
1000020 1000020
1000021 1000021
1000022 1000022
1000023 1000023
1000024 1000024
1000025 1000025
1000026 1000026
1000027 1000027
1000028 1000028
1000029 1000029
1000030 1000030
1000031 1000031
1000032 1000032
1000033 1000033
1000034 1000034
1000035 1000035
1000036 1000036
1000037 1000037
1000038 1000038
1000039 1000039
1000040 1000040
1000041 1000041
1000042 1000042
1000043 1000043
1000044 1000044
1000045 1000045
1000046 1000046
1000047 1000047
1000048 1000048
1000049 1000049
1000050 1000050
1000051 1000051
1000052 1000052
1000053 1000053
1000054 1000054
1000055 1000055
1000056 1000056
1000057 1000057
1000058 1000058
1000059 1000059
1000060 1000060
1000061 1000061
1000062 1000062
1000063 1000063
1000064 1000064
1000065 1000065
1000066 1000066
1000067 1000067
1000068 1000068
1000069 1000069
1000070 1000070
1000071 1000071
1000072 1000072
1000073 1000073
1000074 1000074
1000075 1000075
1000076 1000076
1000077 1000077
1000078 1000078
1000079 1000079
1000080 1000080
1000081 1000081
1000082 1000082
1000083 1000083
1000084 1000084
1000085 1000085
1000086 1000086
1000087 1000087
1000088 1000088
1000089 1000089
1000090 1000090
1000091 1000091
1000092 1000092
1000093 1000093
1000094 1000094
1000095 1000095
1000096 1000096
1000097 1000000
1000098 1000001
1000099 1000002
1000100 1000003
1000000 1000004
1000001 1000005
1000002 1000006
1000003 1000007
1000004 1000008
1000005 1000009
1000006 1000010
1000007 1000011
1000008 1000012
1000009 1000013
1000010 1000014
1000011 1000015
1000012 1000016
1000013 1000017
1000014 1000018
1000015 1000019
1000016 1000020
1000017 1000021
1000018 1000022
1000019 1000023
1000020 1000024
1000021 1000025
1000022 1000026
1000023 1000027
1000024 1000028
1000025 1000029
1000026 1000030
1000027 1000031
1000028 1000032
1000029 1000033
1000030 1000034
1000031 1000035
1000032 1000036
1000033 1000037
1000034 1000038
1000035 1000039
1000036 1000040
1000037 1000041
1000038 1000042
1000039 1000043
1000040 1000044
1000041 1000045
1000042 1000046
1000043 1000047
1000044 1000048
1000045 1000049
1000046 1000050
1000047 1000051
1000048 1000052
1000049 1000053
1000050 1000054
1000051 1000055
1000052 1000056
1000053 1000057
1000054 1000058
1000055 1000059
1000056 1000060
1000057 1000061
1000058 1000062
1000059 1000063
1000060 1000064
1000061 1000065
1000062 1000066
1000063 1000067
1000064 1000068
1000065 1000069
1000066 1000070
1000067 1000071
1000068 1000072
1000069 1000073
1000070 1000074
1000071 1000075
1000072 1000076
1000073 1000077
1000074 1000078
1000075 1000079
1000076 1000080
1000077 1000081
1000078 1000082
1000079 1000083
1000080 1000084
1000081 1000085
1000082 1000086
1000083 1000087
1000084 1000088
1000085 1000089
1000086 1000090
1000087 1000091
1000088 1000092
1000089 1000093
1000090 1000094
1000091 1000095
1000092 1000096
1000093 1000000
1000094 1000001
1000095 1000002
1000096 1000003
1000097 1000004
1000098 1000005
1000099 1000006
1000100 1000007
1000000 1000008
1000001 1000009
1000002 1000010
1000003 1000011
1000004 1000012
1000005 1000013
1000006 1000014
1000007 1000015
1000008 1000016
1000009 1000017
1000010 1000018
1000011 1000019
1000012 1000020
1000013 1000021
1000014 1000022
1000015 1000023
1000016 1000024
1000017 1000025
1000018 1000026
1000019 1000027
1000020 1000028
1000021 1000029
1000022 1000030
1000023 1000031
1000024 1000032
1000025 1000033
1000026 1000034
1000027 1000035
1000028 1000036
1000029 1000037
1000030 1000038
1000031 1000039
1000032 1000040
1000033 1000041
1000034 1000042
1000035 1000043
1000036 1000044
1000037 1000045
1000038 1000046
1000039 1000047
1000040 1000048
1000041 1000049
1000042 1000050
1000043 1000051
1000044 1000052
1000045 1000053
1000046 1000054
1000047 1000055
1000048 1000056
1000049 1000057
1000050 1000058
1000051 1000059
1000052 1000060
1000053 1000061
1000054 1000062
1000055 1000063
1000056 1000064
1000057 1000065
1000058 1000066
1000059 1000067
1000060 1000068
1000061 1000069
1000062 1000070
1000063 1000071
1000064 1000072
1000065 1000073
1000066 1000074
1000067 1000075
1000068 1000076
1000069 1000077
1000070 1000078
1000071 1000079
1000072 1000080
1000073 1000081
1000074 1000082
1000075 1000083
1000076 1000084
1000077 1000085
1000078 1000086
1000079 1000087
1000080 1000088
1000081 1000089
1000082 1000090
1000083 1000091
1000084 1000092
1000085 1000093
1000086 1000094
1000087 1000095
1000088 1000096
1000089 1000000
1000090 1000001
1000091 1000002
1000092 1000003
1000093 1000004
1000094 1000005
1000095 1000006
1000096 1000007
1000097 1000008
1000098 1000009
1000099 1000010
1000100 1000011
1000000 1000012
1000001 1000013
1000002 1000014
1000003 1000015
1000004 1000016
1000005 1000017
1000006 1000018
1000007 1000019
1000008 1000020
1000009 1000021
1000010 1000022
1000011 1000023
1000012 1000024
1000013 1000025
1000014 1000026
1000015 1000027
1000016 1000028
1000017 1000029
1000018 1000030
1000019 1000031
1000020 1000032
1000021 1000033
1000022 1000034
1000023 1000035
1000024 1000036
1000025 1000037
1000026 1000038
1000027 1000039
1000028 1000040
1000029 1000041
1000030 1000042
1000031 1000043
1000032 1000044
1000033 1000045
1000034 1000046
1000035 1000047
1000036 1000048
1000037 1000049
1000038 1000050
1000039 1000051
1000040 1000052
1000041 1000053
1000042 1000054
1000043 1000055
1000044 1000056
1000045 1000057
1000046 1000058
1000047 1000059
1000048 1000060
1000049 1000061
1000050 1000062
1000051 1000063
1000052 1000064
1000053 1000065
1000054 1000066
1000055 1000067
1000056 1000068
1000057 1000069
1000058 1000070
1000059 1000071
1000060 1000072
1000061 1000073
1000062 1000074
1000063 1000075
1000064 1000076
1000065 1000077
1000066 1000078
1000067 1000079
1000068 1000080
1000069 1000081
1000070 1000082
1000071 1000083
1000072 1000084
1000073 1000085
1000074 1000086
1000075 1000087
1000076 1000088
1000077 1000089
1000078 1000090
1000079 1000091
1000080 1000092
1000081 1000093
1000082 1000094
1000083 1000095
1000084 1000096
1000085 1000000
1000086 1000001
1000087 1000002
1000088 1000003
1000089 1000004
1000090 1000005
1000091 1000006
1000092 1000007
1000093 1000008
1000094 1000009
1000095 1000010
1000096 1000011
1000097 1000012
1000098 1000013
1000099 1000014
1000100 1000015
1000000 1000016
1000001 1000017
1000002 1000018
1000003 1000019
1000004 1000020
1000005 1000021
1000006 1000022
1000007 1000023
1000008 1000024
1000009 1000025
1000010 1000026
1000011 1000027
1000012 1000028
1000013 1000029
1000014 1000030
1000015 1000031
1000016 1000032
1000017 1000033
1000018 1000034
1000019 1000035
1000020 1000036
1000021 1000037
1000022 1000038
1000023 1000039
1000024 1000040
1000025 1000041
1000026 1000042
1000027 1000043
1000028 1000044
1000029 1000045
1000030 1000046
1000031 1000047
1000032 1000048
1000033 1000049
1000034 1000050
1000035 1000051
1000036 1000052
1000037 1000053
1000038 1000054
1000039 1000055
1000040 1000056
1000041 1000057
1000042 1000058
1000043 1000059
1000044 1000060
1000045 1000061
1000046 1000062
1000047 1000063
1000048 1000064
1000049 1000065
1000050 1000066
1000051 1000067
1000052 1000068
1000053 1000069
1000054 1000070
1000055 1000071
1000056 1000072
1000057 1000073
1000058 1000074
1000059 1000075
1000060 1000076
1000061 1000077
1000062 1000078
1000063 1000079
1000064 1000080
1000065 1000081
1000066 1000082
1000067 1000083
1000068 1000084
1000069 1000085
1000070 1000086
1000071 1000087
1000072 1000088
1000073 1000089
1000074 1000090
1000075 1000091
1000076 1000092
1000077 1000093
1000078 1000094
1000079 1000095
1000080 1000096
1000081 1000000
1000082 1000001
1000083 1000002
1000084 1000003
1000085 1000004
1000086 1000005
1000087 1000006
1000088 1000007
1000089 1000008
1000090 1000009
1000091 1000010
1000092 1000011
1000093 1000012
1000094 1000013
1000095 1000014
1000096 1000015
1000097 1000016
1000098 1000017
1000099 1000018
1000100 1000019
1000000 1000020
1000001 1000021
1000002 1000022
1000003 1000023
1000004 1000024
1000005 1000025
1000006 1000026
1000007 1000027
1000008 1000028
1000009 1000029
1000010 1000030
1000011 1000031
1000012 1000032
1000013 1000033
1000014 1000034
1000015 1000035
1000016 1000036
1000017 1000037
1000018 1000038
1000019 1000039
1000020 1000040
1000021 1000041
1000022 1000042
1000023 1000043
1000024 1000044
1000025 1000045
1000026 1000046
1000027 1000047
1000028 1000048
1000029 1000049
1000030 1000050
1000031 1000051
1000032 1000052
1000033 1000053
1000034 1000054
1000035 1000055
1000036 1000056
1000037 1000057
1000038 1000058
1000039 1000059
1000040 1000060
1000041 1000061
1000042 1000062
1000043 1000063
1000044 1000064
1000045 1000065
1000046 1000066
1000047 1000067
1000048 1000068
1000049 1000069
1000050 1000070
1000051 1000071
1000052 1000072
1000053 1000073
1000054 1000074
1000055 1000075
1000056 1000076
1000057 1000077
1000058 1000078
1000059 1000079
1000060 1000080
1000061 1000081
1000062 1000082
1000063 1000083
1000064 1000084
1000065 1000085
1000066 1000086
1000067 1000087
1000068 1000088
1000069 1000089
1000070 1000090
1000071 1000091
1000072 1000092
1000073 1000093
1000074 1000094
1000075 1000095
1000076 1000096
1000077 1000000
1000078 1000001
1000079 1000002
1000080 1000003
1000081 1000004
1000082 1000005
1000083 1000006
1000084 1000007
1000085 1000008
1000086 1000009
1000087 1000010
1000088 1000011
1000089 1000012
1000090 1000013
1000091 1000014
1000092 1000015
1000093 1000016
1000094 1000017
1000095 1000018
1000096 1000019
1000097 1000020
1000098 1000021
1000099 1000022
1000100 1000023
1000000 1000024
1000001 1000025
1000002 1000026
1000003 1000027
1000004 1000028
1000005 1000029
1000006 1000030
1000007 1000031
1000008 1000032
1000009 1000033
1000010 1000034
1000011 1000035
1000012 1000036
1000013 1000037
1000014 1000038
1000015 1000039
1000016 1000040
1000017 1000041
1000018 1000042
1000019 1000043
1000020 1000044
1000021 1000045
1000022 1000046
1000023 1000047
1000024 1000048
1000025 1000049
1000026 1000050
1000027 1000051
1000028 1000052
1000029 1000053
1000030 1000054
1000031 1000055
1000032 1000056
1000033 1000057
1000034 1000058
1000035 1000059
1000036 1000060
1000037 1000061
1000038 1000062
1000039 1000063
1000040 1000064
1000041 1000065
1000042 1000066
1000043 1000067
1000044 1000068
1000045 1000069
1000046 1000070
1000047 1000071
1000048 1000072
1000049 1000073
1000050 1000074
1000051 1000075
1000052 1000076
1000053 1000077
1000054 1000078
1000055 1000079
1000056 1000080
1000057 1000081
1000058 1000082
1000059 1000083
1000060 1000084
1000061 1000085
1000062 1000086
1000063 1000087
1000064 1000088
1000065 1000089
1000066 1000090
1000067 1000091
1000068 1000092
1000069 1000093
1000070 1000094
1000071 1000095
1000072 1000096
1000073 1000000
1000074 1000001
1000075 1000002
1000076 1000003
1000077 1000004
1000078 1000005
1000079 1000006
1000080 1000007
1000081 1000008
1000082 1000009
1000083 1000010
1000084 1000011
1000085 1000012
1000086 1000013
1000087 1000014
1000088 1000015
1000089 1000016
1000090 1000017
1000091 1000018
1000092 1000019
1000093 1000020
1000094 1000021
1000095 1000022
1000096 1000023
1000097 1000024
1000098 1000025
1000099 1000026
1000100 1000027
1000000 1000028
1000001 1000029
1000002 1000030
1000003 1000031
1000004 1000032
1000005 1000033
1000006 1000034
1000007 1000035
1000008 1000036
1000009 1000037
1000010 1000038
1000011 1000039
1000012 1000040
1000013 1000041
1000014 1000042
1000015 1000043
1000016 1000044
1000017 1000045
1000018 1000046
1000019 1000047
1000020 1000048
1000021 1000049
1000022 1000050
1000023 1000051
1000024 1000052
1000025 1000053
1000026 1000054
1000027 1000055
1000028 1000056
1000029 1000057
1000030 1000058
1000031 1000059
1000032 1000060
1000033 1000061
1000034 1000062
1000035 1000063
1000036 1000064
1000037 1000065
1000038 1000066
1000039 1000067
1000040 1000068
1000041 1000069
1000042 1000070
1000043 1000071
1000044 1000072
1000045 1000073
1000046 1000074
1000047 1000075
1000048 1000076
1000049 1000077
1000050 1000078
1000051 1000079
1000052 1000080
1000053 1000081
1000054 1000082
1000055 1000083
1000056 1000084
1000057 1000085
1000058 1000086
1000059 1000087
1000060 1000088
1000061 1000089
1000062 1000090
1000063 1000091
1000064 1000092
1000065 1000093
1000066 1000094
1000067 1000095
1000068 1000096
1000069 1000000
1000070 1000001
1000071 1000002
1000072 1000003
1000073 1000004
1000074 1000005
1000075 1000006
1000076 1000007
1000077 1000008
1000078 1000009
1000079 1000010
1000080 1000011
1000081 1000012
1000082 1000013
1000083 1000014
1000084 1000015
1000085 1000016
1000086 1000017
1000087 1000018
1000088 1000019
1000089 1000020
1000090 1000021
1000091 1000022
1000092 1000023
1000093 1000024
1000094 1000025
1000095 1000026
1000096 1000027
1000097 1000028
1000098 1000029
1000099 1000030
1000100 1000031
1000000 1000032
1000001 1000033
1000002 1000034
1000003 1000035
1000004 1000036
1000005 1000037
1000006 1000038
1000007 1000039
1000008 1000040
1000009 1000041
1000010 1000042
1000011 1000043
1000012 1000044
1000013 1000045
1000014 1000046
1000015 1000047
1000016 1000048
1000017 1000049
1000018 1000050
1000019 1000051
1000020 1000052
1000021 1000053
1000022 1000054
1000023 1000055
1000024 1000056
1000025 1000057
1000026 1000058
1000027 1000059
1000028 1000060
1000029 1000061
1000030 1000062
1000031 1000063
1000032 1000064
1000033 1000065
1000034 1000066
1000035 1000067
1000036 1000068
1000037 1000069
1000038 1000070
1000039 1000071
1000040 1000072
1000041 1000073
1000042 1000074
1000043 1000075
1000044 1000076
1000045 1000077
1000046 1000078
1000047 1000079
1000048 1000080
1000049 1000081
1000050 1000082
1000051 1000083
1000052 1000084
1000053 1000085
1000054 1000086
1000055 1000087
1000056 1000088
1000057 1000089
1000058 1000090
1000059 1000091
1000060 1000092
1000061 1000093
1000062 1000094
1000063 1000095
1000064 1000096
1000065 1000000
1000066 1000001
1000067 1000002
1000068 1000003
1000069 1000004
1000070 1000005
1000071 1000006
1000072 1000007
1000073 1000008
1000074 1000009
1000075 1000010
1000076 1000011
1000077 1000012
1000078 1000013
1000079 1000014
1000080 1000015
1000081 1000016
1000082 1000017
1000083 1000018
1000084 1000019
1000085 1000020
1000086 1000021
1000087 1000022
1000088 1000023
1000089 1000024
1000090 1000025
1000091 1000026
1000092 1000027
1000093 1000028
1000094 1000029
1000095 1000030
1000096 1000031
1000097 1000032
1000098 1000033
1000099 1000034
1000100 1000035
1000000 1000036
1000001 1000037
1000002 1000038
1000003 1000039
1000004 1000040
1000005 1000041
1000006 1000042
1000007 1000043
1000008 1000044
1000009 1000045
1000010 1000046
1000011 1000047
1000012 1000048
1000013 1000049
1000014 1000050
1000015 1000051
1000016 1000052
1000017 1000053
1000018 1000054
1000019 1000055
1000020 1000056
1000021 1000057
1000022 1000058
1000023 1000059
1000024 1000060
1000025 1000061
1000026 1000062
1000027 1000063
1000028 1000064
1000029 1000065
1000030 1000066
1000031 1000067
1000032 1000068
1000033 1000069
1000034 1000070
1000035 1000071
1000036 1000072
1000037 1000073
1000038 1000074
1000039 1000075
1000040 1000076
1000041 1000077
1000042 1000078
1000043 1000079
1000044 1000080
1000045 1000081
1000046 1000082
1000047 1000083
1000048 1000084
1000049 1000085
1000050 1000086
1000051 1000087
1000052 1000088
1000053 1000089
1000054 1000090
1000055 1000091
1000056 1000092
1000057 1000093
1000058 1000094
1000059 1000095
1000060 1000096
1000061 1000000
1000062 1000001
1000063 1000002
1000064 1000003
1000065 1000004
1000066 1000005
1000067 1000006
1000068 1000007
1000069 1000008
1000070 1000009
1000071 1000010
1000072 1000011
1000073 1000012
1000074 1000013
1000075 1000014
1000076 1000015
1000077 1000016
1000078 1000017
1000079 1000018
1000080 1000019
1000081 1000020
1000082 1000021
1000083 1000022
1000084 1000023
1000085 1000024
1000086 1000025
1000087 1000026
1000088 1000027
1000089 1000028
1000090 1000029
1000091 1000030
1000092 1000031
