0
1001
2000
2997
3992
4985
5976
6965
7952
8937
9920
10901
11880
12857
13832
14805
15776
16745
17712
18677
19640
20601
21560
22517
23472
24425
25376
26325
27272
28217
29160
30101
31040
31977
32912
33845
34776
35705
36632
37557
38480
39401
40320
41237
42152
43065
43976
44885
45792
46697
47600
48501
49400
50297
51192
52085
52976
53865
54752
55637
56520
57401
58280
59157
60032
60905
61776
62645
63512
64377
65240
66101
66960
67817
68672
69525
70376
71225
72072
72917
73760
74601
75440
76277
77112
77945
78776
79605
80432
81257
82080
82901
83720
84537
85352
86165
86976
87785
88592
89397
90200
91001
91800
92597
93392
94185
94976
95765
96552
97337
98120
98901
99680
100457
101232
102005
102776
103545
104312
105077
105840
106601
107360
108117
108872
109625
110376
111125
111872
112617
113360
114101
114840
115577
116312
117045
117776
118505
119232
119957
120680
121401
122120
122837
123552
124265
124976
125685
126392
127097
127800
128501
129200
129897
130592
131285
131976
132665
133352
134037
134720
135401
136080
136757
137432
138105
138776
139445
140112
140777
141440
142101
142760
143417
144072
144725
145376
146025
146672
147317
147960
148601
149240
149877
150512
151145
151776
152405
153032
153657
154280
154901
155520
156137
156752
157365
157976
158585
159192
159797
160400
161001
161600
162197
162792
163385
163976
164565
165152
165737
166320
166901
167480
168057
168632
169205
169776
170345
170912
171477
172040
172601
173160
173717
174272
174825
175376
175925
176472
177017
177560
178101
178640
179177
179712
180245
180776
181305
181832
182357
182880
183401
183920
184437
184952
185465
185976
186485
186992
187497
188000
188501
189000
189497
189992
190485
190976
191465
191952
192437
192920
193401
193880
194357
194832
195305
195776
196245
196712
197177
197640
198101
198560
199017
199472
199925
200376
200825
201272
201717
202160
202601
203040
203477
203912
204345
204776
205205
205632
206057
206480
206901
207320
207737
208152
208565
208976
209385
209792
210197
210600
211001
211400
211797
212192
212585
212976
213365
213752
214137
214520
214901
215280
215657
216032
216405
216776
217145
217512
217877
218240
218601
218960
219317
219672
220025
220376
220725
221072
221417
221760
222101
222440
222777
223112
223445
223776
224105
224432
224757
225080
225401
225720
226037
226352
226665
226976
227285
227592
227897
228200
228501
228800
229097
229392
229685
229976
230265
230552
230837
231120
231401
231680
231957
232232
232505
232776
233045
233312
233577
233840
234101
234360
234617
234872
235125
235376
235625
235872
236117
236360
236601
236840
237077
237312
237545
237776
238005
238232
238457
238680
238901
239120
239337
239552
239765
239976
240185
240392
240597
240800
241001
241200
241397
241592
241785
241976
242165
242352
242537
242720
242901
243080
243257
243432
243605
243776
243945
244112
244277
244440
244601
244760
244917
245072
245225
245376
245525
245672
245817
245960
246101
246240
246377
246512
246645
246776
246905
247032
247157
247280
247401
247520
247637
247752
247865
247976
248085
248192
248297
248400
248501
248600
248697
248792
248885
248976
249065
249152
249237
249320
249401
249480
249557
249632
249705
249776
249845
249912
249977
250040
250101
250160
250217
250272
250325
250376
250425
250472
250517
250560
250601
250640
250677
250712
250745
250776
250805
250832
250857
250880
250901
250920
250937
250952
250965
250976
250985
250992
250997
251000
251001
251000
250997
250992
250985
250976
250965
250952
250937
250920
250901
250880
250857
250832
250805
250776
250745
250712
250677
250640
250601
250560
250517
250472
250425
250376
250325
250272
250217
250160
250101
250040
249977
249912
249845
249776
249705
249632
249557
249480
249401
249320
249237
249152
249065
248976
248885
248792
248697
248600
248501
248400
248297
248192
248085
247976
247865
247752
247637
247520
247401
247280
247157
247032
246905
246776
246645
246512
246377
246240
246101
245960
245817
245672
245525
245376
245225
245072
244917
244760
244601
244440
244277
244112
243945
243776
243605
243432
243257
243080
242901
242720
242537
242352
242165
241976
241785
241592
241397
241200
241001
240800
240597
240392
240185
239976
239765
239552
239337
239120
238901
238680
238457
238232
238005
237776
237545
237312
237077
236840
236601
236360
236117
235872
235625
235376
235125
234872
234617
234360
234101
233840
233577
233312
233045
232776
232505
232232
231957
231680
231401
231120
230837
230552
230265
229976
229685
229392
229097
228800
228501
228200
227897
227592
227285
226976
226665
226352
226037
225720
225401
225080
224757
224432
224105
223776
223445
223112
222777
222440
222101
221760
221417
221072
220725
220376
220025
219672
219317
218960
218601
218240
217877
217512
217145
216776
216405
216032
215657
215280
214901
214520
214137
213752
213365
212976
212585
212192
211797
211400
211001
210600
210197
209792
209385
208976
208565
208152
207737
207320
206901
206480
206057
205632
205205
204776
204345
203912
203477
203040
202601
202160
201717
201272
200825
200376
199925
199472
199017
198560
198101
197640
197177
196712
196245
195776
195305
194832
194357
193880
193401
192920
192437
191952
191465
190976
190485
189992
189497
189000
188501
188000
187497
186992
186485
185976
185465
184952
184437
183920
183401
182880
182357
181832
181305
180776
180245
179712
179177
178640
178101
177560
177017
176472
175925
175376
174825
174272
173717
173160
172601
172040
171477
170912
170345
169776
169205
168632
168057
167480
166901
166320
165737
165152
164565
163976
163385
162792
162197
161600
161001
160400
159797
159192
158585
157976
157365
156752
156137
155520
154901
154280
153657
153032
152405
151776
151145
150512
149877
149240
148601
147960
147317
146672
146025
145376
144725
144072
143417
142760
142101
141440
140777
140112
139445
138776
138105
137432
136757
136080
135401
134720
134037
133352
132665
131976
131285
130592
129897
129200
128501
127800
127097
126392
125685
124976
124265
123552
122837
122120
121401
120680
119957
119232
118505
117776
117045
116312
115577
114840
114101
113360
112617
111872
111125
110376
109625
108872
108117
107360
106601
105840
105077
104312
103545
102776
102005
101232
100457
99680
98901
98120
97337
96552
95765
94976
94185
93392
92597
91800
91001
90200
89397
88592
87785
86976
86165
85352
84537
83720
82901
82080
81257
80432
79605
78776
77945
77112
76277
75440
74601
73760
72917
72072
71225
70376
69525
68672
67817
66960
66101
65240
64377
63512
62645
61776
60905
60032
59157
58280
57401
56520
55637
54752
53865
52976
52085
51192
50297
49400
48501
47600
46697
45792
44885
43976
43065
42152
41237
40320
39401
38480
37557
36632
35705
34776
33845
32912
31977
31040
30101
29160
28217
27272
26325
25376
24425
23472
22517
21560
20601
19640
18677
17712
16745
15776
14805
13832
12857
11880
10901
9920
8937
7952
6965
5976
4985
3992
2997
2000
1001