1
2
3
4
5
6
7
8
9
10
11
12
13
14
15
16
17
18
19
20
21
22
23
24
25
26
27
28
29
30
31
32
33
34
35
36
37
38
39
40
41
42
43
44
45
46
47
48
49
50
51
52
53
54
55
56
57
58
59
60
61
62
63
64
65
66
67
68
69
70
71
72
73
74
75
76
77
78
79
80
81
82
83
84
85
86
87
88
89
90
91
92
93
94
95
96
97
98
99
100
101
102
103
104
105
106
107
108
109
110
111
112
113
114
115
116
117
118
119
120
121
122
123
124
125
126
127
128
129
130
131
132
133
134
135
136
137
138
139
140
141
142
143
144
145
146
147
148
149
150
151
152
153
154
155
156
157
158
159
160
161
162
163
164
165
166
167
168
169
170
171
172
173
174
175
176
177
178
179
180
181
182
183
184
185
186
187
188
189
190
191
192
193
194
195
196
197
198
199
200
201
202
203
204
205
206
207
208
209
210
211
212
213
214
215
216
217
218
219
220
221
222
223
224
225
226
227
228
229
230
231
232
233
234
235
236
237
238
239
240
241
242
243
244
245
246
247
248
249
250
251
252
253
254
255
256
257
258
259
260
261
262
263
264
265
266
267
268
269
270
271
272
273
274
275
276
277
278
279
280
281
282
283
284
285
286
287
288
289
290
291
292
293
294
295
296
297
298
299
300
301
302
303
304
305
306
307
308
309
310
311
312
313
314
315
316
317
318
319
320
321
322
323
324
325
326
327
328
329
330
331
332
333
334
335
336
337
338
339
340
341
342
343
344
345
346
347
348
349
350
351
352
353
354
355
356
357
358
359
360
361
362
363
364
365
366
367
368
369
370
371
372
373
374
375
376
377
378
379
380
381
382
383
384
385
386
387
388
389
390
391
392
393
394
395
396
397
398
399
400
401
402
403
404
405
406
407
408
409
410
411
412
413
414
415
416
417
418
419
420
421
422
423
424
425
426
427
428
429
430
431
432
433
434
435
436
437
438
439
440
441
442
443
444
445
446
447
448
449
450
451
452
453
454
455
456
457
458
459
460
461
462
463
464
465
466
467
468
469
470
471
472
473
474
475
476
477
478
479
480
481
482
483
484
485
486
487
488
489
490
491
492
493
494
495
496
497
498
499
500
501
251
1
252
101
253
169
254
1
255
73
256
171
257
103
258
47
259
173
260
1
261
1
262
175
263
31
264
23
265
177
266
41
267
107
268
179
269
77
270
1
271
181
272
109
273
1
274
183
275
29
276
79
277
185
278
1
279
43
280
187
281
1
282
113
283
189
284
1
285
1
286
191
287
115
288
1
289
193
290
83
291
53
292
195
293
1
294
31
295
197
296
1
297
119
298
199
299
1
300
1
301
201
302
121
303
1
304
203
305
47
306
1
307
205
308
1
309
1
310
207
311
89
312
125
313
209
314
37
315
1
316
211
317
127
318
91
319
213
320
1
321
1
322
215
323
1
324
59
325
217
326
1
327
131
328
219
329
1
330
1
331
221
332
133
333
29
334
223
335
61
336
1
337
225
338
1
339
97
340
227
341
1
342
137
343
229
344
53
345
1
346
231
347
139
348
41
349
233
350
1
351
37
352
235
353
101
354
1
355
237
356
31
357
143
358
239
359
1
360
103
361
241
362
145
363
1
364
243
365
43
366
1
367
245
368
67
369
1
370
247
371
1
372
149
373
249
374
107
375
1
376
251
377
151
378
1
379
253
380
1
381
109
382
255
383
59
384
1
385
257
386
1
387
155
388
259
389
41
390
71
391
261
392
157
393
1
394
263
395
113
396
61
397
265
398
1
399
47
400
267
401
73
402
161
403
269
404
1
405
1
406
271
407
163
408
43
409
273
410
1
411
1
412
275
413
1
414
1
415
277
416
119
417
167
418
279
419
1
420
29
421
281
422
169
423
121
424
283
425
37
426
1
427
285
428
1
429
1
430
287
431
1
432
173
433
289
434
79
435
67
436
291
437
175
438
1
439
293
440
1
441
1
442
295
443
1
444
127
445
297
446
47
447
179
448
299
449
31
450
53
451
301
452
181
453
1
454
303
455
1
456
83
457
305
458
131
459
1
460
307
461
71
462
185
463
309
464
1
465
133
466
311
467
187
468
1
469
313
470
1
471
41
472
315
473
1
474
73
475
317
476
1
477
191
478
319
479
137
480
31
481
321
482
193
483
1
484
323
485
139
486
1
487
89
488
327
489
43
490
197
491
329
492
1
493
331
494
199
495
1
496
1
497
333
498
1
499
143
501
