1002
1 1000000 2
1 1000000 3
1 1000000 4
1 1000000 5
1 1000000 6
1 1000000 7
1 1000000 8
1 1000000 9
1 1000000 10
1 1000000 11
1 1000000 12
1 1000000 13
1 1000000 14
1 1000000 15
1 1000000 16
1 1000000 17
1 1000000 18
1 1000000 19
1 1000000 20
1 1000000 21
1 1000000 22
1 1000000 23
1 1000000 24
1 1000000 25
1 1000000 26
1 1000000 27
1 1000000 28
1 1000000 29
1 1000000 30
1 1000000 31
1 1000000 32
1 1000000 33
1 1000000 34
1 1000000 35
1 1000000 36
1 1000000 37
1 1000000 38
1 1000000 39
1 1000000 40
1 1000000 41
1 1000000 42
1 1000000 43
1 1000000 44
1 1000000 45
1 1000000 46
1 1000000 47
1 1000000 48
1 1000000 49
1 1000000 50
1 1000000 51
1 1000000 52
1 1000000 53
1 1000000 54
1 1000000 55
1 1000000 56
1 1000000 57
1 1000000 58
1 1000000 59
1 1000000 60
1 1000000 61
1 1000000 62
1 1000000 63
1 1000000 64
1 1000000 65
1 1000000 66
1 1000000 67
1 1000000 68
1 1000000 69
1 1000000 70
1 1000000 71
1 1000000 72
1 1000000 73
1 1000000 74
1 1000000 75
1 1000000 76
1 1000000 77
1 1000000 78
1 1000000 79
1 1000000 80
1 1000000 81
1 1000000 82
1 1000000 83
1 1000000 84
1 1000000 85
1 1000000 86
1 1000000 87
1 1000000 88
1 1000000 89
1 1000000 90
1 1000000 91
1 1000000 92
1 1000000 93
1 1000000 94
1 1000000 95
1 1000000 96
1 1000000 97
1 1000000 98
1 1000000 99
1 1000000 100
1 1000000 101
1 1000000 102
1 1000000 103
1 1000000 104
1 1000000 105
1 1000000 106
1 1000000 107
1 1000000 108
1 1000000 109
1 1000000 110
1 1000000 111
1 1000000 112
1 1000000 113
1 1000000 114
1 1000000 115
1 1000000 116
1 1000000 117
1 1000000 118
1 1000000 119
1 1000000 120
1 1000000 121
1 1000000 122
1 1000000 123
1 1000000 124
1 1000000 125
1 1000000 126
1 1000000 127
1 1000000 128
1 1000000 129
1 1000000 130
1 1000000 131
1 1000000 132
1 1000000 133
1 1000000 134
1 1000000 135
1 1000000 136
1 1000000 137
1 1000000 138
1 1000000 139
1 1000000 140
1 1000000 141
1 1000000 142
1 1000000 143
1 1000000 144
1 1000000 145
1 1000000 146
1 1000000 147
1 1000000 148
1 1000000 149
1 1000000 150
1 1000000 151
1 1000000 152
1 1000000 153
1 1000000 154
1 1000000 155
1 1000000 156
1 1000000 157
1 1000000 158
1 1000000 159
1 1000000 160
1 1000000 161
1 1000000 162
1 1000000 163
1 1000000 164
1 1000000 165
1 1000000 166
1 1000000 167
1 1000000 168
1 1000000 169
1 1000000 170
1 1000000 171
1 1000000 172
1 1000000 173
1 1000000 174
1 1000000 175
1 1000000 176
1 1000000 177
1 1000000 178
1 1000000 179
1 1000000 180
1 1000000 181
1 1000000 182
1 1000000 183
1 1000000 184
1 1000000 185
1 1000000 186
1 1000000 187
1 1000000 188
1 1000000 189
1 1000000 190
1 1000000 191
1 1000000 192
1 1000000 193
1 1000000 194
1 1000000 195
1 1000000 196
1 1000000 197
1 1000000 198
1 1000000 199
1 1000000 200
1 1000000 201
1 1000000 202
1 1000000 203
1 1000000 204
1 1000000 205
1 1000000 206
1 1000000 207
1 1000000 208
1 1000000 209
1 1000000 210
1 1000000 211
1 1000000 212
1 1000000 213
1 1000000 214
1 1000000 215
1 1000000 216
1 1000000 217
1 1000000 218
1 1000000 219
1 1000000 220
1 1000000 221
1 1000000 222
1 1000000 223
1 1000000 224
1 1000000 225
1 1000000 226
1 1000000 227
1 1000000 228
1 1000000 229
1 1000000 230
1 1000000 231
1 1000000 232
1 1000000 233
1 1000000 234
1 1000000 235
1 1000000 236
1 1000000 237
1 1000000 238
1 1000000 239
1 1000000 240
1 1000000 241
1 1000000 242
1 1000000 243
1 1000000 244
1 1000000 245
1 1000000 246
1 1000000 247
1 1000000 248
1 1000000 249
1 1000000 250
1 1000000 251
1 1000000 252
1 1000000 253
1 1000000 254
1 1000000 255
1 1000000 256
1 1000000 257
1 1000000 258
1 1000000 259
1 1000000 260
1 1000000 261
1 1000000 262
1 1000000 263
1 1000000 264
1 1000000 265
1 1000000 266
1 1000000 267
1 1000000 268
1 1000000 269
1 1000000 270
1 1000000 271
1 1000000 272
1 1000000 273
1 1000000 274
1 1000000 275
1 1000000 276
1 1000000 277
1 1000000 278
1 1000000 279
1 1000000 280
1 1000000 281
1 1000000 282
1 1000000 283
1 1000000 284
1 1000000 285
1 1000000 286
1 1000000 287
1 1000000 288
1 1000000 289
1 1000000 290
1 1000000 291
1 1000000 292
1 1000000 293
1 1000000 294
1 1000000 295
1 1000000 296
1 1000000 297
1 1000000 298
1 1000000 299
1 1000000 300
1 1000000 301
1 1000000 302
1 1000000 303
1 1000000 304
1 1000000 305
1 1000000 306
1 1000000 307
1 1000000 308
1 1000000 309
1 1000000 310
1 1000000 311
1 1000000 312
1 1000000 313
1 1000000 314
1 1000000 315
1 1000000 316
1 1000000 317
1 1000000 318
1 1000000 319
1 1000000 320
1 1000000 321
1 1000000 322
1 1000000 323
1 1000000 324
1 1000000 325
1 1000000 326
1 1000000 327
1 1000000 328
1 1000000 329
1 1000000 330
1 1000000 331
1 1000000 332
1 1000000 333
1 1000000 334
1 1000000 335
1 1000000 336
1 1000000 337
1 1000000 338
1 1000000 339
1 1000000 340
1 1000000 341
1 1000000 342
1 1000000 343
1 1000000 344
1 1000000 345
1 1000000 346
1 1000000 347
1 1000000 348
1 1000000 349
1 1000000 350
1 1000000 351
1 1000000 352
1 1000000 353
1 1000000 354
1 1000000 355
1 1000000 356
1 1000000 357
1 1000000 358
1 1000000 359
1 1000000 360
1 1000000 361
1 1000000 362
1 1000000 363
1 1000000 364
1 1000000 365
1 1000000 366
1 1000000 367
1 1000000 368
1 1000000 369
1 1000000 370
1 1000000 371
1 1000000 372
1 1000000 373
1 1000000 374
1 1000000 375
1 1000000 376
1 1000000 377
1 1000000 378
1 1000000 379
1 1000000 380
1 1000000 381
1 1000000 382
1 1000000 383
1 1000000 384
1 1000000 385
1 1000000 386
1 1000000 387
1 1000000 388
1 1000000 389
1 1000000 390
1 1000000 391
1 1000000 392
1 1000000 393
1 1000000 394
1 1000000 395
1 1000000 396
1 1000000 397
1 1000000 398
1 1000000 399
1 1000000 400
1 1000000 401
1 1000000 402
1 1000000 403
1 1000000 404
1 1000000 405
1 1000000 406
1 1000000 407
1 1000000 408
1 1000000 409
1 1000000 410
1 1000000 411
1 1000000 412
1 1000000 413
1 1000000 414
1 1000000 415
1 1000000 416
1 1000000 417
1 1000000 418
1 1000000 419
1 1000000 420
1 1000000 421
1 1000000 422
1 1000000 423
1 1000000 424
1 1000000 425
1 1000000 426
1 1000000 427
1 1000000 428
1 1000000 429
1 1000000 430
1 1000000 431
1 1000000 432
1 1000000 433
1 1000000 434
1 1000000 435
1 1000000 436
1 1000000 437
1 1000000 438
1 1000000 439
1 1000000 440
1 1000000 441
1 1000000 442
1 1000000 443
1 1000000 444
1 1000000 445
1 1000000 446
1 1000000 447
1 1000000 448
1 1000000 449
1 1000000 450
1 1000000 451
1 1000000 452
1 1000000 453
1 1000000 454
1 1000000 455
1 1000000 456
1 1000000 457
1 1000000 458
1 1000000 459
1 1000000 460
1 1000000 461
1 1000000 462
1 1000000 463
1 1000000 464
1 1000000 465
1 1000000 466
1 1000000 467
1 1000000 468
1 1000000 469
1 1000000 470
1 1000000 471
1 1000000 472
1 1000000 473
1 1000000 474
1 1000000 475
1 1000000 476
1 1000000 477
1 1000000 478
1 1000000 479
1 1000000 480
1 1000000 481
1 1000000 482
1 1000000 483
1 1000000 484
1 1000000 485
1 1000000 486
1 1000000 487
1 1000000 488
1 1000000 489
1 1000000 490
1 1000000 491
1 1000000 492
1 1000000 493
1 1000000 494
1 1000000 495
1 1000000 496
1 1000000 497
1 1000000 498
1 1000000 499
1 1000000 500
1 1000000 501
1 1000000 502
1 1000000 503
1 1000000 504
1 1000000 505
1 1000000 506
1 1000000 507
1 1000000 508
1 1000000 509
1 1000000 510
1 1000000 511
1 1000000 512
1 1000000 513
1 1000000 514
1 1000000 515
1 1000000 516
1 1000000 517
1 1000000 518
1 1000000 519
1 1000000 520
1 1000000 521
1 1000000 522
1 1000000 523
1 1000000 524
1 1000000 525
1 1000000 526
1 1000000 527
1 1000000 528
1 1000000 529
1 1000000 530
1 1000000 531
1 1000000 532
1 1000000 533
1 1000000 534
1 1000000 535
1 1000000 536
1 1000000 537
1 1000000 538
1 1000000 539
1 1000000 540
1 1000000 541
1 1000000 542
1 1000000 543
1 1000000 544
1 1000000 545
1 1000000 546
1 1000000 547
1 1000000 548
1 1000000 549
1 1000000 550
1 1000000 551
1 1000000 552
1 1000000 553
1 1000000 554
1 1000000 555
1 1000000 556
1 1000000 557
1 1000000 558
1 1000000 559
1 1000000 560
1 1000000 561
1 1000000 562
1 1000000 563
1 1000000 564
1 1000000 565
1 1000000 566
1 1000000 567
1 1000000 568
1 1000000 569
1 1000000 570
1 1000000 571
1 1000000 572
1 1000000 573
1 1000000 574
1 1000000 575
1 1000000 576
1 1000000 577
1 1000000 578
1 1000000 579
1 1000000 580
1 1000000 581
1 1000000 582
1 1000000 583
1 1000000 584
1 1000000 585
1 1000000 586
1 1000000 587
1 1000000 588
1 1000000 589
1 1000000 590
1 1000000 591
1 1000000 592
1 1000000 593
1 1000000 594
1 1000000 595
1 1000000 596
1 1000000 597
1 1000000 598
1 1000000 599
1 1000000 600
1 1000000 601
1 1000000 602
1 1000000 603
1 1000000 604
1 1000000 605
1 1000000 606
1 1000000 607
1 1000000 608
1 1000000 609
1 1000000 610
1 1000000 611
1 1000000 612
1 1000000 613
1 1000000 614
1 1000000 615
1 1000000 616
1 1000000 617
1 1000000 618
1 1000000 619
1 1000000 620
1 1000000 621
1 1000000 622
1 1000000 623
1 1000000 624
1 1000000 625
1 1000000 626
1 1000000 627
1 1000000 628
1 1000000 629
1 1000000 630
1 1000000 631
1 1000000 632
1 1000000 633
1 1000000 634
1 1000000 635
1 1000000 636
1 1000000 637
1 1000000 638
1 1000000 639
1 1000000 640
1 1000000 641
1 1000000 642
1 1000000 643
1 1000000 644
1 1000000 645
1 1000000 646
1 1000000 647
1 1000000 648
1 1000000 649
1 1000000 650
1 1000000 651
1 1000000 652
1 1000000 653
1 1000000 654
1 1000000 655
1 1000000 656
1 1000000 657
1 1000000 658
1 1000000 659
1 1000000 660
1 1000000 661
1 1000000 662
1 1000000 663
1 1000000 664
1 1000000 665
1 1000000 666
1 1000000 667
1 1000000 668
1 1000000 669
1 1000000 670
1 1000000 671
1 1000000 672
1 1000000 673
1 1000000 674
1 1000000 675
1 1000000 676
1 1000000 677
1 1000000 678
1 1000000 679
1 1000000 680
1 1000000 681
1 1000000 682
1 1000000 683
1 1000000 684
1 1000000 685
1 1000000 686
1 1000000 687
1 1000000 688
1 1000000 689
1 1000000 690
1 1000000 691
1 1000000 692
1 1000000 693
1 1000000 694
1 1000000 695
1 1000000 696
1 1000000 697
1 1000000 698
1 1000000 699
1 1000000 700
1 1000000 701
1 1000000 702
1 1000000 703
1 1000000 704
1 1000000 705
1 1000000 706
1 1000000 707
1 1000000 708
1 1000000 709
1 1000000 710
1 1000000 711
1 1000000 712
1 1000000 713
1 1000000 714
1 1000000 715
1 1000000 716
1 1000000 717
1 1000000 718
1 1000000 719
1 1000000 720
1 1000000 721
1 1000000 722
1 1000000 723
1 1000000 724
1 1000000 725
1 1000000 726
1 1000000 727
1 1000000 728
1 1000000 729
1 1000000 730
1 1000000 731
1 1000000 732
1 1000000 733
1 1000000 734
1 1000000 735
1 1000000 736
1 1000000 737
1 1000000 738
1 1000000 739
1 1000000 740
1 1000000 741
1 1000000 742
1 1000000 743
1 1000000 744
1 1000000 745
1 1000000 746
1 1000000 747
1 1000000 748
1 1000000 749
1 1000000 750
1 1000000 751
1 1000000 752
1 1000000 753
1 1000000 754
1 1000000 755
1 1000000 756
1 1000000 757
1 1000000 758
1 1000000 759
1 1000000 760
1 1000000 761
1 1000000 762
1 1000000 763
1 1000000 764
1 1000000 765
1 1000000 766
1 1000000 767
1 1000000 768
1 1000000 769
1 1000000 770
1 1000000 771
1 1000000 772
1 1000000 773
1 1000000 774
1 1000000 775
1 1000000 776
1 1000000 777
1 1000000 778
1 1000000 779
1 1000000 780
1 1000000 781
1 1000000 782
1 1000000 783
1 1000000 784
1 1000000 785
1 1000000 786
1 1000000 787
1 1000000 788
1 1000000 789
1 1000000 790
1 1000000 791
1 1000000 792
1 1000000 793
1 1000000 794
1 1000000 795
1 1000000 796
1 1000000 797
1 1000000 798
1 1000000 799
1 1000000 800
1 1000000 801
1 1000000 802
1 1000000 803
1 1000000 804
1 1000000 805
1 1000000 806
1 1000000 807
1 1000000 808
1 1000000 809
1 1000000 810
1 1000000 811
1 1000000 812
1 1000000 813
1 1000000 814
1 1000000 815
1 1000000 816
1 1000000 817
1 1000000 818
1 1000000 819
1 1000000 820
1 1000000 821
1 1000000 822
1 1000000 823
1 1000000 824
1 1000000 825
1 1000000 826
1 1000000 827
1 1000000 828
1 1000000 829
1 1000000 830
1 1000000 831
1 1000000 832
1 1000000 833
1 1000000 834
1 1000000 835
1 1000000 836
1 1000000 837
1 1000000 838
1 1000000 839
1 1000000 840
1 1000000 841
1 1000000 842
1 1000000 843
1 1000000 844
1 1000000 845
1 1000000 846
1 1000000 847
1 1000000 848
1 1000000 849
1 1000000 850
1 1000000 851
1 1000000 852
1 1000000 853
1 1000000 854
1 1000000 855
1 1000000 856
1 1000000 857
1 1000000 858
1 1000000 859
1 1000000 860
1 1000000 861
1 1000000 862
1 1000000 863
1 1000000 864
1 1000000 865
1 1000000 866
1 1000000 867
1 1000000 868
1 1000000 869
1 1000000 870
1 1000000 871
1 1000000 872
1 1000000 873
1 1000000 874
1 1000000 875
1 1000000 876
1 1000000 877
1 1000000 878
1 1000000 879
1 1000000 880
1 1000000 881
1 1000000 882
1 1000000 883
1 1000000 884
1 1000000 885
1 1000000 886
1 1000000 887
1 1000000 888
1 1000000 889
1 1000000 890
1 1000000 891
1 1000000 892
1 1000000 893
1 1000000 894
1 1000000 895
1 1000000 896
1 1000000 897
1 1000000 898
1 1000000 899
1 1000000 900
1 1000000 901
1 1000000 902
1 1000000 903
1 1000000 904
1 1000000 905
1 1000000 906
1 1000000 907
1 1000000 908
1 1000000 909
1 1000000 910
1 1000000 911
1 1000000 912
1 1000000 913
1 1000000 914
1 1000000 915
1 1000000 916
1 1000000 917
1 1000000 918
1 1000000 919
1 1000000 920
1 1000000 921
1 1000000 922
1 1000000 923
1 1000000 924
1 1000000 925
1 1000000 926
1 1000000 927
1 1000000 928
1 1000000 929
1 1000000 930
1 1000000 931
1 1000000 932
1 1000000 933
1 1000000 934
1 1000000 935
1 1000000 936
1 1000000 937
1 1000000 938
1 1000000 939
1 1000000 940
1 1000000 941
1 1000000 942
1 1000000 943
1 1000000 944
1 1000000 945
1 1000000 946
1 1000000 947
1 1000000 948
1 1000000 949
1 1000000 950
1 1000000 951
1 1000000 952
1 1000000 953
1 1000000 954
1 1000000 955
1 1000000 956
1 1000000 957
1 1000000 958
1 1000000 959
1 1000000 960
1 1000000 961
1 1000000 962
1 1000000 963
1 1000000 964
1 1000000 965
1 1000000 966
1 1000000 967
1 1000000 968
1 1000000 969
1 1000000 970
1 1000000 971
1 1000000 972
1 1000000 973
1 1000000 974
1 1000000 975
1 1000000 976
1 1000000 977
1 1000000 978
1 1000000 979
1 1000000 980
1 1000000 981
1 1000000 982
1 1000000 983
1 1000000 984
1 1000000 985
1 1000000 986
1 1000000 987
1 1000000 988
1 1000000 989
1 1000000 990
1 1000000 991
1 1000000 992
1 1000000 993
1 1000000 994
1 1000000 995
1 1000000 996
1 1000000 997
1 1000000 998
1 1000000 999
1 1000000 1000
1 1000000 1001
1 1000000 1002
