1
1002 1
1003 0
1004 1
1005 2
1006 3
1007 4
1008 5
1009 6
1010 7
1011 8
1012 9
1013 10
1014 11
1015 12
1016 13
1017 14
1018 15
1019 16
1020 17
1021 18
1022 19
1023 20
1024 21
1025 22
1026 23
1027 24
1028 25
1029 26
1030 27
1031 28
1032 29
1033 30
1034 31
1035 32
1036 33
1037 34
1038 35
1039 36
1040 37
1041 38
1042 39
1043 40
1044 41
1045 42
1046 43
1047 44
1048 45
1049 46
1050 47
1051 48
1052 49
1053 50
1054 51
1055 52
1056 53
1057 54
1058 55
1059 56
1060 57
1061 58
1062 59
1063 60
1064 61
1065 62
1066 63
1067 64
1068 65
1069 66
1070 67
1071 68
1072 69
1073 70
1074 71
1075 72
1076 73
1077 74
1078 75
1079 76
1080 77
1081 78
1082 79
1083 80
1084 81
1085 82
1086 83
1087 84
1088 85
1089 86
1090 87
1091 88
1092 89
1093 90
1094 91
1095 92
1096 93
1097 94
1098 95
1099 96
1100 97
1101 98
1102 99
1103 100
1104 101
1105 102
1106 103
1107 104
1108 105
1109 106
1110 107
1111 108
1112 109
1113 110
1114 111
1115 112
1116 113
1117 114
1118 115
1119 116
1120 117
1121 118
1122 119
1123 120
1124 121
1125 122
1126 123
1127 124
1128 125
1129 126
1130 127
1131 128
1132 129
1133 130
1134 131
1135 132
1136 133
1137 134
1138 135
1139 136
1140 137
1141 138
1142 139
1143 140
1144 141
1145 142
1146 143
1147 144
1148 145
1149 146
1150 147
1151 148
1152 149
1153 150
1154 151
1155 152
1156 153
1157 154
1158 155
1159 156
1160 157
1161 158
1162 159
1163 160
1164 161
1165 162
1166 163
1167 164
1168 165
1169 166
1170 167
1171 168
1172 169
1173 170
1174 171
1175 172
1176 173
1177 174
1178 175
1179 176
1180 177
1181 178
1182 179
1183 180
1184 181
1185 182
1186 183
1187 184
1188 185
1189 186
1190 187
1191 188
1192 189
1193 190
1194 191
1195 192
1196 193
1197 194
1198 195
1199 196
1200 197
1201 198
1202 199
1203 200
1204 201
1205 202
1206 203
1207 204
1208 205
1209 206
1210 207
1211 208
1212 209
1213 210
1214 211
1215 212
1216 213
1217 214
1218 215
1219 216
1220 217
1221 218
1222 219
1223 220
1224 221
1225 222
1226 223
1227 224
1228 225
1229 226
1230 227
1231 228
1232 229
1233 230
1234 231
1235 232
1236 233
1237 234
1238 235
1239 236
1240 237
1241 238
1242 239
1243 240
1244 241
1245 242
1246 243
1247 244
1248 245
1249 246
1250 247
1251 248
1252 249
1253 250
1254 251
1255 252
1256 253
1257 254
1258 255
1259 256
1260 257
1261 258
1262 259
1263 260
1264 261
1265 262
1266 263
1267 264
1268 265
1269 266
1270 267
1271 268
1272 269
1273 270
1274 271
1275 272
1276 273
1277 274
1278 275
1279 276
1280 277
1281 278
1282 279
1283 280
1284 281
1285 282
1286 283
1287 284
1288 285
1289 286
1290 287
1291 288
1292 289
1293 290
1294 291
1295 292
1296 293
1297 294
1298 295
1299 296
1300 297
1301 298
1302 299
1303 300
1304 301
1305 302
1306 303
1307 304
1308 305
1309 306
1310 307
1311 308
1312 309
1313 310
1314 311
1315 312
1316 313
1317 314
1318 315
1319 316
1320 317
1321 318
1322 319
1323 320
1324 321
1325 322
1326 323
1327 324
1328 325
1329 326
1330 327
1331 328
1332 329
1333 330
1334 331
1335 332
1336 333
1337 334
1338 335
1339 336
1340 337
1341 338
1342 339
1343 340
1344 341
1345 342
1346 343
1347 344
1348 345
1349 346
1350 347
1351 348
1352 349
1353 350
1354 351
1355 352
1356 353
1357 354
1358 355
1359 356
1360 357
1361 358
1362 359
1363 360
1364 361
1365 362
1366 363
1367 364
1368 365
1369 366
1370 367
1371 368
1372 369
1373 370
1374 371
1375 372
1376 373
1377 374
1378 375
1379 376
1380 377
1381 378
1382 379
1383 380
1384 381
1385 382
1386 383
1387 384
1388 385
1389 386
1390 387
1391 388
1392 389
1393 390
1394 391
1395 392
1396 393
1397 394
1398 395
1399 396
1400 397
1401 398
1402 399
1403 400
1404 401
1405 402
1406 403
1407 404
1408 405
1409 406
1410 407
1411 408
1412 409
1413 410
1414 411
1415 412
1416 413
1417 414
1418 415
1419 416
1420 417
1421 418
1422 419
1423 420
1424 421
1425 422
1426 423
1427 424
1428 425
1429 426
1430 427
1431 428
1432 429
1433 430
1434 431
1435 432
1436 433
1437 434
1438 435
1439 436
1440 437
1441 438
1442 439
1443 440
1444 441
1445 442
1446 443
1447 444
1448 445
1449 446
1450 447
1451 448
1452 449
1453 450
1454 451
1455 452
1456 453
1457 454
1458 455
1459 456
1460 457
1461 458
1462 459
1463 460
1464 461
1465 462
1466 463
1467 464
1468 465
1469 466
1470 467
1471 468
1472 469
1473 470
1474 471
1475 472
1476 473
1477 474
1478 475
1479 476
1480 477
1481 478
1482 479
1483 480
1484 481
1485 482
1486 483
1487 484
1488 485
1489 486
1490 487
1491 488
1492 489
1493 490
1494 491
1495 492
1496 493
1497 494
1498 495
1499 496
1500 497
1501 498
1502 499
1503 500
1504 501
1505 502
1506 503
1507 504
1508 505
1509 506
1510 507
1511 508
1512 509
1513 510
1514 511
1515 512
1516 513
1517 514
1518 515
1519 516
1520 517
1521 518
1522 519
1523 520
1524 521
1525 522
1526 523
1527 524
1528 525
1529 526
1530 527
1531 528
1532 529
1533 530
1534 531
1535 532
1536 533
1537 534
1538 535
1539 536
1540 537
1541 538
1542 539
1543 540
1544 541
1545 542
1546 543
1547 544
1548 545
1549 546
1550 547
1551 548
1552 549
1553 550
1554 551
1555 552
1556 553
1557 554
1558 555
1559 556
1560 557
1561 558
1562 559
1563 560
1564 561
1565 562
1566 563
1567 564
1568 565
1569 566
1570 567
1571 568
1572 569
1573 570
1574 571
1575 572
1576 573
1577 574
1578 575
1579 576
1580 577
1581 578
1582 579
1583 580
1584 581
1585 582
1586 583
1587 584
1588 585
1589 586
1590 587
1591 588
1592 589
1593 590
1594 591
1595 592
1596 593
1597 594
1598 595
1599 596
1600 597
1601 598
1602 599
1603 600
1604 601
1605 602
1606 603
1607 604
1608 605
1609 606
1610 607
1611 608
1612 609
1613 610
1614 611
1615 612
1616 613
1617 614
1618 615
1619 616
1620 617
1621 618
1622 619
1623 620
1624 621
1625 622
1626 623
1627 624
1628 625
1629 626
1630 627
1631 628
1632 629
1633 630
1634 631
1635 632
1636 633
1637 634
1638 635
1639 636
1640 637
1641 638
1642 639
1643 640
1644 641
1645 642
1646 643
1647 644
1648 645
1649 646
1650 647
1651 648
1652 649
1653 650
1654 651
1655 652
1656 653
1657 654
1658 655
1659 656
1660 657
1661 658
1662 659
1663 660
1664 661
1665 662
1666 663
1667 664
1668 665
1669 666
1670 667
1671 668
1672 669
1673 670
1674 671
1675 672
1676 673
1677 674
1678 675
1679 676
1680 677
1681 678
1682 679
1683 680
1684 681
1685 682
1686 683
1687 684
1688 685
1689 686
1690 687
1691 688
1692 689
1693 690
1694 691
1695 692
1696 693
1697 694
1698 695
1699 696
1700 697
1701 698
1702 699
1703 700
1704 701
1705 702
1706 703
1707 704
1708 705
1709 706
1710 707
1711 708
1712 709
1713 710
1714 711
1715 712
1716 713
1717 714
1718 715
1719 716
1720 717
1721 718
1722 719
1723 720
1724 721
1725 722
1726 723
1727 724
1728 725
1729 726
1730 727
1731 728
1732 729
1733 730
1734 731
1735 732
1736 733
1737 734
1738 735
1739 736
1740 737
1741 738
1742 739
1743 740
1744 741
1745 742
1746 743
1747 744
1748 745
1749 746
1750 747
1751 748
1752 749
1753 750
1754 751
1755 752
1756 753
1757 754
1758 755
1759 756
1760 757
1761 758
1762 759
1763 760
1764 761
1765 762
1766 763
1767 764
1768 765
1769 766
1770 767
1771 768
1772 769
1773 770
1774 771
1775 772
1776 773
1777 774
1778 775
1779 776
1780 777
1781 778
1782 779
1783 780
1784 781
1785 782
1786 783
1787 784
1788 785
1789 786
1790 787
1791 788
1792 789
1793 790
1794 791
1795 792
1796 793
1797 794
1798 795
1799 796
1800 797
1801 798
1802 799
1803 800
1804 801
1805 802
1806 803
1807 804
1808 805
1809 806
1810 807
1811 808
1812 809
1813 810
1814 811
1815 812
1816 813
1817 814
1818 815
1819 816
1820 817
1821 818
1822 819
1823 820
1824 821
1825 822
1826 823
1827 824
1828 825
1829 826
1830 827
1831 828
1832 829
1833 830
1834 831
1835 832
1836 833
1837 834
1838 835
1839 836
1840 837
1841 838
1842 839
1843 840
1844 841
1845 842
1846 843
1847 844
1848 845
1849 846
1850 847
1851 848
1852 849
1853 850
1854 851
1855 852
1856 853
1857 854
1858 855
1859 856
1860 857
1861 858
1862 859
1863 860
1864 861
1865 862
1866 863
1867 864
1868 865
1869 866
1870 867
1871 868
1872 869
1873 870
1874 871
1875 872
1876 873
1877 874
1878 875
1879 876
1880 877
1881 878
1882 879
1883 880
1884 881
1885 882
1886 883
1887 884
1888 885
1889 886
1890 887
1891 888
1892 889
1893 890
1894 891
1895 892
1896 893
1897 894
1898 895
1899 896
1900 897
1901 898
1902 899
1903 900
1904 901
1905 902
1906 903
1907 904
1908 905
1909 906
1910 907
1911 908
1912 909
1913 910
1914 911
1915 912
1916 913
1917 914
1918 915
1919 916
1920 917
1921 918
1922 919
1923 920
1924 921
1925 922
1926 923
1927 924
1928 925
1929 926
1930 927
1931 928
1932 929
1933 930
1934 931
1935 932
1936 933
1937 934
1938 935
1939 936
1940 937
1941 938
1942 939
1943 940
1944 941
1945 942
1946 943
1947 944
1948 945
1949 946
1950 947
1951 948
1952 949
1953 950
1954 951
1955 952
1956 953
1957 954
1958 955
1959 956
1960 957
1961 958
1962 959
1963 960
1964 961
1965 962
1966 963
1967 964
1968 965
1969 966
1970 967
1971 968
1972 969
1973 970
1974 971
1975 972
1976 973
1977 974
1978 975
1979 976
1980 977
1981 978
1982 979
1983 980
1984 981
1985 982
1986 983
1987 984
1988 985
1989 986
1990 987
1991 988
1992 989
1993 990
1994 991
1995 992
1996 993
1997 994
1998 995
1999 996
2000 997
2001 998
2002 999
2003 1000
2004 1001
