1
1002
1 1 1
2 38 62
3 75 123
4 112 184
5 149 245
6 186 306
7 223 367
8 260 428
9 297 489
10 334 550
11 371 611
12 408 672
13 445 733
14 482 794
15 519 855
16 556 916
17 593 977
18 630 1038
19 667 1099
20 704 1160
21 741 1221
22 778 1282
23 815 1343
24 852 1404
25 889 1465
26 926 1526
27 963 1587
28 1000 1648
29 37 1709
30 74 1770
31 111 1831
32 148 1892
33 185 1953
34 222 2014
35 259 2075
36 296 2136
37 333 2197
38 370 2258
39 407 2319
40 444 2380
41 481 2441
42 518 2502
43 555 2563
44 592 2624
45 629 2685
46 666 2746
47 703 2807
48 740 2868
49 777 2929
50 814 2990
51 851 3051
52 888 3112
53 925 3173
54 962 3234
55 999 3295
56 36 3356
57 73 3417
58 110 3478
59 147 3539
60 184 3600
61 221 3661
62 258 3722
63 295 3783
64 332 3844
65 369 3905
66 406 3966
67 443 4027
68 480 4088
69 517 4149
70 554 4210
71 591 4271
72 628 4332
73 665 4393
74 702 4454
75 739 4515
76 776 4576
77 813 4637
78 850 4698
79 887 4759
80 924 4820
81 961 4881
82 998 4942
83 35 5003
84 72 5064
85 109 5125
86 146 5186
87 183 5247
88 220 5308
89 257 5369
90 294 5430
91 331 5491
92 368 5552
93 405 5613
94 442 5674
95 479 5735
96 516 5796
97 553 5857
98 590 5918
99 627 5979
100 664 6040
101 701 6101
102 738 6162
103 775 6223
104 812 6284
105 849 6345
106 886 6406
107 923 6467
108 960 6528
109 997 6589
110 34 6650
111 71 6711
112 108 6772
113 145 6833
114 182 6894
115 219 6955
116 256 7016
117 293 7077
118 330 7138
119 367 7199
120 404 7260
121 441 7321
122 478 7382
123 515 7443
124 552 7504
125 589 7565
126 626 7626
127 663 7687
128 700 7748
129 737 7809
130 774 7870
131 811 7931
132 848 7992
133 885 8053
134 922 8114
135 959 8175
136 996 8236
137 33 8297
138 70 8358
139 107 8419
140 144 8480
141 181 8541
142 218 8602
143 255 8663
144 292 8724
145 329 8785
146 366 8846
147 403 8907
148 440 8968
149 477 9029
150 514 9090
151 551 9151
152 588 9212
153 625 9273
154 662 9334
155 699 9395
156 736 9456
157 773 9517
158 810 9578
159 847 9639
160 884 9700
161 921 9761
162 958 9822
163 995 9883
164 32 9944
165 69 5
166 106 66
167 143 127
168 180 188
169 217 249
170 254 310
171 291 371
172 328 432
173 365 493
174 402 554
175 439 615
176 476 676
177 513 737
178 550 798
179 587 859
180 624 920
181 661 981
182 698 1042
183 735 1103
184 772 1164
185 809 1225
186 846 1286
187 883 1347
188 920 1408
189 957 1469
190 994 1530
191 31 1591
192 68 1652
193 105 1713
194 142 1774
195 179 1835
196 216 1896
197 253 1957
198 290 2018
199 327 2079
200 364 2140
201 401 2201
202 438 2262
203 475 2323
204 512 2384
205 549 2445
206 586 2506
207 623 2567
208 660 2628
209 697 2689
210 734 2750
211 771 2811
212 808 2872
213 845 2933
214 882 2994
215 919 3055
216 956 3116
217 993 3177
218 30 3238
219 67 3299
220 104 3360
221 141 3421
222 178 3482
223 215 3543
224 252 3604
225 289 3665
226 326 3726
227 363 3787
228 400 3848
229 437 3909
230 474 3970
231 511 4031
232 548 4092
233 585 4153
234 622 4214
235 659 4275
236 696 4336
237 733 4397
238 770 4458
239 807 4519
240 844 4580
241 881 4641
242 918 4702
243 955 4763
244 992 4824
245 29 4885
246 66 4946
247 103 5007
248 140 5068
249 177 5129
250 214 5190
251 251 5251
252 288 5312
253 325 5373
254 362 5434
255 399 5495
256 436 5556
257 473 5617
258 510 5678
259 547 5739
260 584 5800
261 621 5861
262 658 5922
263 695 5983
264 732 6044
265 769 6105
266 806 6166
267 843 6227
268 880 6288
269 917 6349
270 954 6410
271 991 6471
272 28 6532
273 65 6593
274 102 6654
275 139 6715
276 176 6776
277 213 6837
278 250 6898
279 287 6959
280 324 7020
281 361 7081
282 398 7142
283 435 7203
284 472 7264
285 509 7325
286 546 7386
287 583 7447
288 620 7508
289 657 7569
290 694 7630
291 731 7691
292 768 7752
293 805 7813
294 842 7874
295 879 7935
296 916 7996
297 953 8057
298 990 8118
299 27 8179
300 64 8240
301 101 8301
302 138 8362
303 175 8423
304 212 8484
305 249 8545
306 286 8606
307 323 8667
308 360 8728
309 397 8789
310 434 8850
311 471 8911
312 508 8972
313 545 9033
314 582 9094
315 619 9155
316 656 9216
317 693 9277
318 730 9338
319 767 9399
320 804 9460
321 841 9521
322 878 9582
323 915 9643
324 952 9704
325 989 9765
326 26 9826
327 63 9887
328 100 9948
329 137 9
330 174 70
331 211 131
332 248 192
333 285 253
334 322 314
335 359 375
336 396 436
337 433 497
338 470 558
339 507 619
340 544 680
341 581 741
342 618 802
343 655 863
344 692 924
345 729 985
346 766 1046
347 803 1107
348 840 1168
349 877 1229
350 914 1290
351 951 1351
352 988 1412
353 25 1473
354 62 1534
355 99 1595
356 136 1656
357 173 1717
358 210 1778
359 247 1839
360 284 1900
361 321 1961
362 358 2022
363 395 2083
364 432 2144
365 469 2205
366 506 2266
367 543 2327
368 580 2388
369 617 2449
370 654 2510
371 691 2571
372 728 2632
373 765 2693
374 802 2754
375 839 2815
376 876 2876
377 913 2937
378 950 2998
379 987 3059
380 24 3120
381 61 3181
382 98 3242
383 135 3303
384 172 3364
385 209 3425
386 246 3486
387 283 3547
388 320 3608
389 357 3669
390 394 3730
391 431 3791
392 468 3852
393 505 3913
394 542 3974
395 579 4035
396 616 4096
397 653 4157
398 690 4218
399 727 4279
400 764 4340
401 801 4401
402 838 4462
403 875 4523
404 912 4584
405 949 4645
406 986 4706
407 23 4767
408 60 4828
409 97 4889
410 134 4950
411 171 5011
412 208 5072
413 245 5133
414 282 5194
415 319 5255
416 356 5316
417 393 5377
418 430 5438
419 467 5499
420 504 5560
421 541 5621
422 578 5682
423 615 5743
424 652 5804
425 689 5865
426 726 5926
427 763 5987
428 800 6048
429 837 6109
430 874 6170
431 911 6231
432 948 6292
433 985 6353
434 22 6414
435 59 6475
436 96 6536
437 133 6597
438 170 6658
439 207 6719
440 244 6780
441 281 6841
442 318 6902
443 355 6963
444 392 7024
445 429 7085
446 466 7146
447 503 7207
448 540 7268
449 577 7329
450 614 7390
451 651 7451
452 688 7512
453 725 7573
454 762 7634
455 799 7695
456 836 7756
457 873 7817
458 910 7878
459 947 7939
460 984 8000
461 21 8061
462 58 8122
463 95 8183
464 132 8244
465 169 8305
466 206 8366
467 243 8427
468 280 8488
469 317 8549
470 354 8610
471 391 8671
472 428 8732
473 465 8793
474 502 8854
475 539 8915
476 576 8976
477 613 9037
478 650 9098
479 687 9159
480 724 9220
481 761 9281
482 798 9342
483 835 9403
484 872 9464
485 909 9525
486 946 9586
487 983 9647
488 20 9708
489 57 9769
490 94 9830
491 131 9891
492 168 9952
493 205 13
494 242 74
495 279 135
496 316 196
497 353 257
498 390 318
499 427 379
500 464 440
501 501 501
502 538 562
503 575 623
504 612 684
505 649 745
506 686 806
507 723 867
508 760 928
509 797 989
510 834 1050
511 871 1111
512 908 1172
513 945 1233
514 982 1294
515 19 1355
516 56 1416
517 93 1477
518 130 1538
519 167 1599
520 204 1660
521 241 1721
522 278 1782
523 315 1843
524 352 1904
525 389 1965
526 426 2026
527 463 2087
528 500 2148
529 537 2209
530 574 2270
531 611 2331
532 648 2392
533 685 2453
534 722 2514
535 759 2575
536 796 2636
537 833 2697
538 870 2758
539 907 2819
540 944 2880
541 981 2941
542 18 3002
543 55 3063
544 92 3124
545 129 3185
546 166 3246
547 203 3307
548 240 3368
549 277 3429
550 314 3490
551 351 3551
552 388 3612
553 425 3673
554 462 3734
555 499 3795
556 536 3856
557 573 3917
558 610 3978
559 647 4039
560 684 4100
561 721 4161
562 758 4222
563 795 4283
564 832 4344
565 869 4405
566 906 4466
567 943 4527
568 980 4588
569 17 4649
570 54 4710
571 91 4771
572 128 4832
573 165 4893
574 202 4954
575 239 5015
576 276 5076
577 313 5137
578 350 5198
579 387 5259
580 424 5320
581 461 5381
582 498 5442
583 535 5503
584 572 5564
585 609 5625
586 646 5686
587 683 5747
588 720 5808
589 757 5869
590 794 5930
591 831 5991
592 868 6052
593 905 6113
594 942 6174
595 979 6235
596 16 6296
597 53 6357
598 90 6418
599 127 6479
600 164 6540
601 201 6601
602 238 6662
603 275 6723
604 312 6784
605 349 6845
606 386 6906
607 423 6967
608 460 7028
609 497 7089
610 534 7150
611 571 7211
612 608 7272
613 645 7333
614 682 7394
615 719 7455
616 756 7516
617 793 7577
618 830 7638
619 867 7699
620 904 7760
621 941 7821
622 978 7882
623 15 7943
624 52 8004
625 89 8065
626 126 8126
627 163 8187
628 200 8248
629 237 8309
630 274 8370
631 311 8431
632 348 8492
633 385 8553
634 422 8614
635 459 8675
636 496 8736
637 533 8797
638 570 8858
639 607 8919
640 644 8980
641 681 9041
642 718 9102
643 755 9163
644 792 9224
645 829 9285
646 866 9346
647 903 9407
648 940 9468
649 977 9529
650 14 9590
651 51 9651
652 88 9712
653 125 9773
654 162 9834
655 199 9895
656 236 9956
657 273 17
658 310 78
659 347 139
660 384 200
661 421 261
662 458 322
663 495 383
664 532 444
665 569 505
666 606 566
667 643 627
668 680 688
669 717 749
670 754 810
671 791 871
672 828 932
673 865 993
674 902 1054
675 939 1115
676 976 1176
677 13 1237
678 50 1298
679 87 1359
680 124 1420
681 161 1481
682 198 1542
683 235 1603
684 272 1664
685 309 1725
686 346 1786
687 383 1847
688 420 1908
689 457 1969
690 494 2030
691 531 2091
692 568 2152
693 605 2213
694 642 2274
695 679 2335
696 716 2396
697 753 2457
698 790 2518
699 827 2579
700 864 2640
701 901 2701
702 938 2762
703 975 2823
704 12 2884
705 49 2945
706 86 3006
707 123 3067
708 160 3128
709 197 3189
710 234 3250
711 271 3311
712 308 3372
713 345 3433
714 382 3494
715 419 3555
716 456 3616
717 493 3677
718 530 3738
719 567 3799
720 604 3860
721 641 3921
722 678 3982
723 715 4043
724 752 4104
725 789 4165
726 826 4226
727 863 4287
728 900 4348
729 937 4409
730 974 4470
731 11 4531
732 48 4592
733 85 4653
734 122 4714
735 159 4775
736 196 4836
737 233 4897
738 270 4958
739 307 5019
740 344 5080
741 381 5141
742 418 5202
743 455 5263
744 492 5324
745 529 5385
746 566 5446
747 603 5507
748 640 5568
749 677 5629
750 714 5690
751 751 5751
752 788 5812
753 825 5873
754 862 5934
755 899 5995
756 936 6056
757 973 6117
758 10 6178
759 47 6239
760 84 6300
761 121 6361
762 158 6422
763 195 6483
764 232 6544
765 269 6605
766 306 6666
767 343 6727
768 380 6788
769 417 6849
770 454 6910
771 491 6971
772 528 7032
773 565 7093
774 602 7154
775 639 7215
776 676 7276
777 713 7337
778 750 7398
779 787 7459
780 824 7520
781 861 7581
782 898 7642
783 935 7703
784 972 7764
785 9 7825
786 46 7886
787 83 7947
788 120 8008
789 157 8069
790 194 8130
791 231 8191
792 268 8252
793 305 8313
794 342 8374
795 379 8435
796 416 8496
797 453 8557
798 490 8618
799 527 8679
800 564 8740
801 601 8801
802 638 8862
803 675 8923
804 712 8984
805 749 9045
806 786 9106
807 823 9167
808 860 9228
809 897 9289
810 934 9350
811 971 9411
812 8 9472
813 45 9533
814 82 9594
815 119 9655
816 156 9716
817 193 9777
818 230 9838
819 267 9899
820 304 9960
821 341 21
822 378 82
823 415 143
824 452 204
825 489 265
826 526 326
827 563 387
828 600 448
829 637 509
830 674 570
831 711 631
832 748 692
833 785 753
834 822 814
835 859 875
836 896 936
837 933 997
838 970 1058
839 7 1119
840 44 1180
841 81 1241
842 118 1302
843 155 1363
844 192 1424
845 229 1485
846 266 1546
847 303 1607
848 340 1668
849 377 1729
850 414 1790
851 451 1851
852 488 1912
853 525 1973
854 562 2034
855 599 2095
856 636 2156
857 673 2217
858 710 2278
859 747 2339
860 784 2400
861 821 2461
862 858 2522
863 895 2583
864 932 2644
865 969 2705
866 6 2766
867 43 2827
868 80 2888
869 117 2949
870 154 3010
871 191 3071
872 228 3132
873 265 3193
874 302 3254
875 339 3315
876 376 3376
877 413 3437
878 450 3498
879 487 3559
880 524 3620
881 561 3681
882 598 3742
883 635 3803
884 672 3864
885 709 3925
886 746 3986
887 783 4047
888 820 4108
889 857 4169
890 894 4230
891 931 4291
892 968 4352
893 5 4413
894 42 4474
895 79 4535
896 116 4596
897 153 4657
898 190 4718
899 227 4779
900 264 4840
901 301 4901
902 338 4962
903 375 5023
904 412 5084
905 449 5145
906 486 5206
907 523 5267
908 560 5328
909 597 5389
910 634 5450
911 671 5511
912 708 5572
913 745 5633
914 782 5694
915 819 5755
916 856 5816
917 893 5877
918 930 5938
919 967 5999
920 4 6060
921 41 6121
922 78 6182
923 115 6243
924 152 6304
925 189 6365
926 226 6426
927 263 6487
928 300 6548
929 337 6609
930 374 6670
931 411 6731
932 448 6792
933 485 6853
934 522 6914
935 559 6975
936 596 7036
937 633 7097
938 670 7158
939 707 7219
940 744 7280
941 781 7341
942 818 7402
943 855 7463
944 892 7524
945 929 7585
946 966 7646
947 3 7707
948 40 7768
949 77 7829
950 114 7890
951 151 7951
952 188 8012
953 225 8073
954 262 8134
955 299 8195
956 336 8256
957 373 8317
958 410 8378
959 447 8439
960 484 8500
961 521 8561
962 558 8622
963 595 8683
964 632 8744
965 669 8805
966 706 8866
967 743 8927
968 780 8988
969 817 9049
970 854 9110
971 891 9171
972 928 9232
973 965 9293
974 2 9354
975 39 9415
976 76 9476
977 113 9537
978 150 9598
979 187 9659
980 224 9720
981 261 9781
982 298 9842
983 335 9903
984 372 9964
985 409 25
986 446 86
987 483 147
988 520 208
989 557 269
990 594 330
991 631 391
992 668 452
993 705 513
994 742 574
995 779 635
996 816 696
997 853 757
998 890 818
999 927 879
1000 964 940
1001 1 1001
1002 38 1062
