1003 1002
1 1 1002 1 1 1003
2 1 1002 1 2 1003
3 1 1002 1 3 1003
4 1 1002 1 4 1003
5 1 1002 1 5 1003
6 1 1002 1 6 1003
7 1 1002 1 7 1003
8 1 1002 1 8 1003
9 1 1002 1 9 1003
10 1 1002 1 10 1003
11 1 1002 1 11 1003
12 1 1002 1 12 1003
13 1 1002 1 13 1003
14 1 1002 1 14 1003
15 1 1002 1 15 1003
16 1 1002 1 16 1003
17 1 1002 1 17 1003
18 1 1002 1 18 1003
19 1 1002 1 19 1003
20 1 1002 1 20 1003
21 1 1002 1 21 1003
22 1 1002 1 22 1003
23 1 1002 1 23 1003
24 1 1002 1 24 1003
25 1 1002 1 25 1003
26 1 1002 1 26 1003
27 1 1002 1 27 1003
28 1 1002 1 28 1003
29 1 1002 1 29 1003
30 1 1002 1 30 1003
31 1 1002 1 31 1003
32 1 1002 1 32 1003
33 1 1002 1 33 1003
34 1 1002 1 34 1003
35 1 1002 1 35 1003
36 1 1002 1 36 1003
37 1 1002 1 37 1003
38 1 1002 1 38 1003
39 1 1002 1 39 1003
40 1 1002 1 40 1003
41 1 1002 1 41 1003
42 1 1002 1 42 1003
43 1 1002 1 43 1003
44 1 1002 1 44 1003
45 1 1002 1 45 1003
46 1 1002 1 46 1003
47 1 1002 1 47 1003
48 1 1002 1 48 1003
49 1 1002 1 49 1003
50 1 1002 1 50 1003
51 1 1002 1 51 1003
52 1 1002 1 52 1003
53 1 1002 1 53 1003
54 1 1002 1 54 1003
55 1 1002 1 55 1003
56 1 1002 1 56 1003
57 1 1002 1 57 1003
58 1 1002 1 58 1003
59 1 1002 1 59 1003
60 1 1002 1 60 1003
61 1 1002 1 61 1003
62 1 1002 1 62 1003
63 1 1002 1 63 1003
64 1 1002 1 64 1003
65 1 1002 1 65 1003
66 1 1002 1 66 1003
67 1 1002 1 67 1003
68 1 1002 1 68 1003
69 1 1002 1 69 1003
70 1 1002 1 70 1003
71 1 1002 1 71 1003
72 1 1002 1 72 1003
73 1 1002 1 73 1003
74 1 1002 1 74 1003
75 1 1002 1 75 1003
76 1 1002 1 76 1003
77 1 1002 1 77 1003
78 1 1002 1 78 1003
79 1 1002 1 79 1003
80 1 1002 1 80 1003
81 1 1002 1 81 1003
82 1 1002 1 82 1003
83 1 1002 1 83 1003
84 1 1002 1 84 1003
85 1 1002 1 85 1003
86 1 1002 1 86 1003
87 1 1002 1 87 1003
88 1 1002 1 88 1003
89 1 1002 1 89 1003
90 1 1002 1 90 1003
91 1 1002 1 91 1003
92 1 1002 1 92 1003
93 1 1002 1 93 1003
94 1 1002 1 94 1003
95 1 1002 1 95 1003
96 1 1002 1 96 1003
97 1 1002 1 97 1003
98 1 1002 1 98 1003
99 1 1002 1 99 1003
100 1 1002 1 100 1003
101 1 1002 1 101 1003
102 1 1002 1 102 1003
103 1 1002 1 103 1003
104 1 1002 1 104 1003
105 1 1002 1 105 1003
106 1 1002 1 106 1003
107 1 1002 1 107 1003
108 1 1002 1 108 1003
109 1 1002 1 109 1003
110 1 1002 1 110 1003
111 1 1002 1 111 1003
112 1 1002 1 112 1003
113 1 1002 1 113 1003
114 1 1002 1 114 1003
115 1 1002 1 115 1003
116 1 1002 1 116 1003
117 1 1002 1 117 1003
118 1 1002 1 118 1003
119 1 1002 1 119 1003
120 1 1002 1 120 1003
121 1 1002 1 121 1003
122 1 1002 1 122 1003
123 1 1002 1 123 1003
124 1 1002 1 124 1003
125 1 1002 1 125 1003
126 1 1002 1 126 1003
127 1 1002 1 127 1003
128 1 1002 1 128 1003
129 1 1002 1 129 1003
130 1 1002 1 130 1003
131 1 1002 1 131 1003
132 1 1002 1 132 1003
133 1 1002 1 133 1003
134 1 1002 1 134 1003
135 1 1002 1 135 1003
136 1 1002 1 136 1003
137 1 1002 1 137 1003
138 1 1002 1 138 1003
139 1 1002 1 139 1003
140 1 1002 1 140 1003
141 1 1002 1 141 1003
142 1 1002 1 142 1003
143 1 1002 1 143 1003
144 1 1002 1 144 1003
145 1 1002 1 145 1003
146 1 1002 1 146 1003
147 1 1002 1 147 1003
148 1 1002 1 148 1003
149 1 1002 1 149 1003
150 1 1002 1 150 1003
151 1 1002 1 151 1003
152 1 1002 1 152 1003
153 1 1002 1 153 1003
154 1 1002 1 154 1003
155 1 1002 1 155 1003
156 1 1002 1 156 1003
157 1 1002 1 157 1003
158 1 1002 1 158 1003
159 1 1002 1 159 1003
160 1 1002 1 160 1003
161 1 1002 1 161 1003
162 1 1002 1 162 1003
163 1 1002 1 163 1003
164 1 1002 1 164 1003
165 1 1002 1 165 1003
166 1 1002 1 166 1003
167 1 1002 1 167 1003
168 1 1002 1 168 1003
169 1 1002 1 169 1003
170 1 1002 1 170 1003
171 1 1002 1 171 1003
172 1 1002 1 172 1003
173 1 1002 1 173 1003
174 1 1002 1 174 1003
175 1 1002 1 175 1003
176 1 1002 1 176 1003
177 1 1002 1 177 1003
178 1 1002 1 178 1003
179 1 1002 1 179 1003
180 1 1002 1 180 1003
181 1 1002 1 181 1003
182 1 1002 1 182 1003
183 1 1002 1 183 1003
184 1 1002 1 184 1003
185 1 1002 1 185 1003
186 1 1002 1 186 1003
187 1 1002 1 187 1003
188 1 1002 1 188 1003
189 1 1002 1 189 1003
190 1 1002 1 190 1003
191 1 1002 1 191 1003
192 1 1002 1 192 1003
193 1 1002 1 193 1003
194 1 1002 1 194 1003
195 1 1002 1 195 1003
196 1 1002 1 196 1003
197 1 1002 1 197 1003
198 1 1002 1 198 1003
199 1 1002 1 199 1003
200 1 1002 1 200 1003
201 1 1002 1 201 1003
202 1 1002 1 202 1003
203 1 1002 1 203 1003
204 1 1002 1 204 1003
205 1 1002 1 205 1003
206 1 1002 1 206 1003
207 1 1002 1 207 1003
208 1 1002 1 208 1003
209 1 1002 1 209 1003
210 1 1002 1 210 1003
211 1 1002 1 211 1003
212 1 1002 1 212 1003
213 1 1002 1 213 1003
214 1 1002 1 214 1003
215 1 1002 1 215 1003
216 1 1002 1 216 1003
217 1 1002 1 217 1003
218 1 1002 1 218 1003
219 1 1002 1 219 1003
220 1 1002 1 220 1003
221 1 1002 1 221 1003
222 1 1002 1 222 1003
223 1 1002 1 223 1003
224 1 1002 1 224 1003
225 1 1002 1 225 1003
226 1 1002 1 226 1003
227 1 1002 1 227 1003
228 1 1002 1 228 1003
229 1 1002 1 229 1003
230 1 1002 1 230 1003
231 1 1002 1 231 1003
232 1 1002 1 232 1003
233 1 1002 1 233 1003
234 1 1002 1 234 1003
235 1 1002 1 235 1003
236 1 1002 1 236 1003
237 1 1002 1 237 1003
238 1 1002 1 238 1003
239 1 1002 1 239 1003
240 1 1002 1 240 1003
241 1 1002 1 241 1003
242 1 1002 1 242 1003
243 1 1002 1 243 1003
244 1 1002 1 244 1003
245 1 1002 1 245 1003
246 1 1002 1 246 1003
247 1 1002 1 247 1003
248 1 1002 1 248 1003
249 1 1002 1 249 1003
250 1 1002 1 250 1003
251 1 1002 1 251 1003
252 1 1002 1 252 1003
253 1 1002 1 253 1003
254 1 1002 1 254 1003
255 1 1002 1 255 1003
256 1 1002 1 256 1003
257 1 1002 1 257 1003
258 1 1002 1 258 1003
259 1 1002 1 259 1003
260 1 1002 1 260 1003
261 1 1002 1 261 1003
262 1 1002 1 262 1003
263 1 1002 1 263 1003
264 1 1002 1 264 1003
265 1 1002 1 265 1003
266 1 1002 1 266 1003
267 1 1002 1 267 1003
268 1 1002 1 268 1003
269 1 1002 1 269 1003
270 1 1002 1 270 1003
271 1 1002 1 271 1003
272 1 1002 1 272 1003
273 1 1002 1 273 1003
274 1 1002 1 274 1003
275 1 1002 1 275 1003
276 1 1002 1 276 1003
277 1 1002 1 277 1003
278 1 1002 1 278 1003
279 1 1002 1 279 1003
280 1 1002 1 280 1003
281 1 1002 1 281 1003
282 1 1002 1 282 1003
283 1 1002 1 283 1003
284 1 1002 1 284 1003
285 1 1002 1 285 1003
286 1 1002 1 286 1003
287 1 1002 1 287 1003
288 1 1002 1 288 1003
289 1 1002 1 289 1003
290 1 1002 1 290 1003
291 1 1002 1 291 1003
292 1 1002 1 292 1003
293 1 1002 1 293 1003
294 1 1002 1 294 1003
295 1 1002 1 295 1003
296 1 1002 1 296 1003
297 1 1002 1 297 1003
298 1 1002 1 298 1003
299 1 1002 1 299 1003
300 1 1002 1 300 1003
301 1 1002 1 301 1003
302 1 1002 1 302 1003
303 1 1002 1 303 1003
304 1 1002 1 304 1003
305 1 1002 1 305 1003
306 1 1002 1 306 1003
307 1 1002 1 307 1003
308 1 1002 1 308 1003
309 1 1002 1 309 1003
310 1 1002 1 310 1003
311 1 1002 1 311 1003
312 1 1002 1 312 1003
313 1 1002 1 313 1003
314 1 1002 1 314 1003
315 1 1002 1 315 1003
316 1 1002 1 316 1003
317 1 1002 1 317 1003
318 1 1002 1 318 1003
319 1 1002 1 319 1003
320 1 1002 1 320 1003
321 1 1002 1 321 1003
322 1 1002 1 322 1003
323 1 1002 1 323 1003
324 1 1002 1 324 1003
325 1 1002 1 325 1003
326 1 1002 1 326 1003
327 1 1002 1 327 1003
328 1 1002 1 328 1003
329 1 1002 1 329 1003
330 1 1002 1 330 1003
331 1 1002 1 331 1003
332 1 1002 1 332 1003
333 1 1002 1 333 1003
334 1 1002 1 334 1003
335 1 1002 1 335 1003
336 1 1002 1 336 1003
337 1 1002 1 337 1003
338 1 1002 1 338 1003
339 1 1002 1 339 1003
340 1 1002 1 340 1003
341 1 1002 1 341 1003
342 1 1002 1 342 1003
343 1 1002 1 343 1003
344 1 1002 1 344 1003
345 1 1002 1 345 1003
346 1 1002 1 346 1003
347 1 1002 1 347 1003
348 1 1002 1 348 1003
349 1 1002 1 349 1003
350 1 1002 1 350 1003
351 1 1002 1 351 1003
352 1 1002 1 352 1003
353 1 1002 1 353 1003
354 1 1002 1 354 1003
355 1 1002 1 355 1003
356 1 1002 1 356 1003
357 1 1002 1 357 1003
358 1 1002 1 358 1003
359 1 1002 1 359 1003
360 1 1002 1 360 1003
361 1 1002 1 361 1003
362 1 1002 1 362 1003
363 1 1002 1 363 1003
364 1 1002 1 364 1003
365 1 1002 1 365 1003
366 1 1002 1 366 1003
367 1 1002 1 367 1003
368 1 1002 1 368 1003
369 1 1002 1 369 1003
370 1 1002 1 370 1003
371 1 1002 1 371 1003
372 1 1002 1 372 1003
373 1 1002 1 373 1003
374 1 1002 1 374 1003
375 1 1002 1 375 1003
376 1 1002 1 376 1003
377 1 1002 1 377 1003
378 1 1002 1 378 1003
379 1 1002 1 379 1003
380 1 1002 1 380 1003
381 1 1002 1 381 1003
382 1 1002 1 382 1003
383 1 1002 1 383 1003
384 1 1002 1 384 1003
385 1 1002 1 385 1003
386 1 1002 1 386 1003
387 1 1002 1 387 1003
388 1 1002 1 388 1003
389 1 1002 1 389 1003
390 1 1002 1 390 1003
391 1 1002 1 391 1003
392 1 1002 1 392 1003
393 1 1002 1 393 1003
394 1 1002 1 394 1003
395 1 1002 1 395 1003
396 1 1002 1 396 1003
397 1 1002 1 397 1003
398 1 1002 1 398 1003
399 1 1002 1 399 1003
400 1 1002 1 400 1003
401 1 1002 1 401 1003
402 1 1002 1 402 1003
403 1 1002 1 403 1003
404 1 1002 1 404 1003
405 1 1002 1 405 1003
406 1 1002 1 406 1003
407 1 1002 1 407 1003
408 1 1002 1 408 1003
409 1 1002 1 409 1003
410 1 1002 1 410 1003
411 1 1002 1 411 1003
412 1 1002 1 412 1003
413 1 1002 1 413 1003
414 1 1002 1 414 1003
415 1 1002 1 415 1003
416 1 1002 1 416 1003
417 1 1002 1 417 1003
418 1 1002 1 418 1003
419 1 1002 1 419 1003
420 1 1002 1 420 1003
421 1 1002 1 421 1003
422 1 1002 1 422 1003
423 1 1002 1 423 1003
424 1 1002 1 424 1003
425 1 1002 1 425 1003
426 1 1002 1 426 1003
427 1 1002 1 427 1003
428 1 1002 1 428 1003
429 1 1002 1 429 1003
430 1 1002 1 430 1003
431 1 1002 1 431 1003
432 1 1002 1 432 1003
433 1 1002 1 433 1003
434 1 1002 1 434 1003
435 1 1002 1 435 1003
436 1 1002 1 436 1003
437 1 1002 1 437 1003
438 1 1002 1 438 1003
439 1 1002 1 439 1003
440 1 1002 1 440 1003
441 1 1002 1 441 1003
442 1 1002 1 442 1003
443 1 1002 1 443 1003
444 1 1002 1 444 1003
445 1 1002 1 445 1003
446 1 1002 1 446 1003
447 1 1002 1 447 1003
448 1 1002 1 448 1003
449 1 1002 1 449 1003
450 1 1002 1 450 1003
451 1 1002 1 451 1003
452 1 1002 1 452 1003
453 1 1002 1 453 1003
454 1 1002 1 454 1003
455 1 1002 1 455 1003
456 1 1002 1 456 1003
457 1 1002 1 457 1003
458 1 1002 1 458 1003
459 1 1002 1 459 1003
460 1 1002 1 460 1003
461 1 1002 1 461 1003
462 1 1002 1 462 1003
463 1 1002 1 463 1003
464 1 1002 1 464 1003
465 1 1002 1 465 1003
466 1 1002 1 466 1003
467 1 1002 1 467 1003
468 1 1002 1 468 1003
469 1 1002 1 469 1003
470 1 1002 1 470 1003
471 1 1002 1 471 1003
472 1 1002 1 472 1003
473 1 1002 1 473 1003
474 1 1002 1 474 1003
475 1 1002 1 475 1003
476 1 1002 1 476 1003
477 1 1002 1 477 1003
478 1 1002 1 478 1003
479 1 1002 1 479 1003
480 1 1002 1 480 1003
481 1 1002 1 481 1003
482 1 1002 1 482 1003
483 1 1002 1 483 1003
484 1 1002 1 484 1003
485 1 1002 1 485 1003
486 1 1002 1 486 1003
487 1 1002 1 487 1003
488 1 1002 1 488 1003
489 1 1002 1 489 1003
490 1 1002 1 490 1003
491 1 1002 1 491 1003
492 1 1002 1 492 1003
493 1 1002 1 493 1003
494 1 1002 1 494 1003
495 1 1002 1 495 1003
496 1 1002 1 496 1003
497 1 1002 1 497 1003
498 1 1002 1 498 1003
499 1 1002 1 499 1003
500 1 1002 1 500 1003
501 1 1002 1 501 1003
502 1 1002 1 502 1003
503 1 1002 1 503 1003
504 1 1002 1 504 1003
505 1 1002 1 505 1003
506 1 1002 1 506 1003
507 1 1002 1 507 1003
508 1 1002 1 508 1003
509 1 1002 1 509 1003
510 1 1002 1 510 1003
511 1 1002 1 511 1003
512 1 1002 1 512 1003
513 1 1002 1 513 1003
514 1 1002 1 514 1003
515 1 1002 1 515 1003
516 1 1002 1 516 1003
517 1 1002 1 517 1003
518 1 1002 1 518 1003
519 1 1002 1 519 1003
520 1 1002 1 520 1003
521 1 1002 1 521 1003
522 1 1002 1 522 1003
523 1 1002 1 523 1003
524 1 1002 1 524 1003
525 1 1002 1 525 1003
526 1 1002 1 526 1003
527 1 1002 1 527 1003
528 1 1002 1 528 1003
529 1 1002 1 529 1003
530 1 1002 1 530 1003
531 1 1002 1 531 1003
532 1 1002 1 532 1003
533 1 1002 1 533 1003
534 1 1002 1 534 1003
535 1 1002 1 535 1003
536 1 1002 1 536 1003
537 1 1002 1 537 1003
538 1 1002 1 538 1003
539 1 1002 1 539 1003
540 1 1002 1 540 1003
541 1 1002 1 541 1003
542 1 1002 1 542 1003
543 1 1002 1 543 1003
544 1 1002 1 544 1003
545 1 1002 1 545 1003
546 1 1002 1 546 1003
547 1 1002 1 547 1003
548 1 1002 1 548 1003
549 1 1002 1 549 1003
550 1 1002 1 550 1003
551 1 1002 1 551 1003
552 1 1002 1 552 1003
553 1 1002 1 553 1003
554 1 1002 1 554 1003
555 1 1002 1 555 1003
556 1 1002 1 556 1003
557 1 1002 1 557 1003
558 1 1002 1 558 1003
559 1 1002 1 559 1003
560 1 1002 1 560 1003
561 1 1002 1 561 1003
562 1 1002 1 562 1003
563 1 1002 1 563 1003
564 1 1002 1 564 1003
565 1 1002 1 565 1003
566 1 1002 1 566 1003
567 1 1002 1 567 1003
568 1 1002 1 568 1003
569 1 1002 1 569 1003
570 1 1002 1 570 1003
571 1 1002 1 571 1003
572 1 1002 1 572 1003
573 1 1002 1 573 1003
574 1 1002 1 574 1003
575 1 1002 1 575 1003
576 1 1002 1 576 1003
577 1 1002 1 577 1003
578 1 1002 1 578 1003
579 1 1002 1 579 1003
580 1 1002 1 580 1003
581 1 1002 1 581 1003
582 1 1002 1 582 1003
583 1 1002 1 583 1003
584 1 1002 1 584 1003
585 1 1002 1 585 1003
586 1 1002 1 586 1003
587 1 1002 1 587 1003
588 1 1002 1 588 1003
589 1 1002 1 589 1003
590 1 1002 1 590 1003
591 1 1002 1 591 1003
592 1 1002 1 592 1003
593 1 1002 1 593 1003
594 1 1002 1 594 1003
595 1 1002 1 595 1003
596 1 1002 1 596 1003
597 1 1002 1 597 1003
598 1 1002 1 598 1003
599 1 1002 1 599 1003
600 1 1002 1 600 1003
601 1 1002 1 601 1003
602 1 1002 1 602 1003
603 1 1002 1 603 1003
604 1 1002 1 604 1003
605 1 1002 1 605 1003
606 1 1002 1 606 1003
607 1 1002 1 607 1003
608 1 1002 1 608 1003
609 1 1002 1 609 1003
610 1 1002 1 610 1003
611 1 1002 1 611 1003
612 1 1002 1 612 1003
613 1 1002 1 613 1003
614 1 1002 1 614 1003
615 1 1002 1 615 1003
616 1 1002 1 616 1003
617 1 1002 1 617 1003
618 1 1002 1 618 1003
619 1 1002 1 619 1003
620 1 1002 1 620 1003
621 1 1002 1 621 1003
622 1 1002 1 622 1003
623 1 1002 1 623 1003
624 1 1002 1 624 1003
625 1 1002 1 625 1003
626 1 1002 1 626 1003
627 1 1002 1 627 1003
628 1 1002 1 628 1003
629 1 1002 1 629 1003
630 1 1002 1 630 1003
631 1 1002 1 631 1003
632 1 1002 1 632 1003
633 1 1002 1 633 1003
634 1 1002 1 634 1003
635 1 1002 1 635 1003
636 1 1002 1 636 1003
637 1 1002 1 637 1003
638 1 1002 1 638 1003
639 1 1002 1 639 1003
640 1 1002 1 640 1003
641 1 1002 1 641 1003
642 1 1002 1 642 1003
643 1 1002 1 643 1003
644 1 1002 1 644 1003
645 1 1002 1 645 1003
646 1 1002 1 646 1003
647 1 1002 1 647 1003
648 1 1002 1 648 1003
649 1 1002 1 649 1003
650 1 1002 1 650 1003
651 1 1002 1 651 1003
652 1 1002 1 652 1003
653 1 1002 1 653 1003
654 1 1002 1 654 1003
655 1 1002 1 655 1003
656 1 1002 1 656 1003
657 1 1002 1 657 1003
658 1 1002 1 658 1003
659 1 1002 1 659 1003
660 1 1002 1 660 1003
661 1 1002 1 661 1003
662 1 1002 1 662 1003
663 1 1002 1 663 1003
664 1 1002 1 664 1003
665 1 1002 1 665 1003
666 1 1002 1 666 1003
667 1 1002 1 667 1003
668 1 1002 1 668 1003
669 1 1002 1 669 1003
670 1 1002 1 670 1003
671 1 1002 1 671 1003
672 1 1002 1 672 1003
673 1 1002 1 673 1003
674 1 1002 1 674 1003
675 1 1002 1 675 1003
676 1 1002 1 676 1003
677 1 1002 1 677 1003
678 1 1002 1 678 1003
679 1 1002 1 679 1003
680 1 1002 1 680 1003
681 1 1002 1 681 1003
682 1 1002 1 682 1003
683 1 1002 1 683 1003
684 1 1002 1 684 1003
685 1 1002 1 685 1003
686 1 1002 1 686 1003
687 1 1002 1 687 1003
688 1 1002 1 688 1003
689 1 1002 1 689 1003
690 1 1002 1 690 1003
691 1 1002 1 691 1003
692 1 1002 1 692 1003
693 1 1002 1 693 1003
694 1 1002 1 694 1003
695 1 1002 1 695 1003
696 1 1002 1 696 1003
697 1 1002 1 697 1003
698 1 1002 1 698 1003
699 1 1002 1 699 1003
700 1 1002 1 700 1003
701 1 1002 1 701 1003
702 1 1002 1 702 1003
703 1 1002 1 703 1003
704 1 1002 1 704 1003
705 1 1002 1 705 1003
706 1 1002 1 706 1003
707 1 1002 1 707 1003
708 1 1002 1 708 1003
709 1 1002 1 709 1003
710 1 1002 1 710 1003
711 1 1002 1 711 1003
712 1 1002 1 712 1003
713 1 1002 1 713 1003
714 1 1002 1 714 1003
715 1 1002 1 715 1003
716 1 1002 1 716 1003
717 1 1002 1 717 1003
718 1 1002 1 718 1003
719 1 1002 1 719 1003
720 1 1002 1 720 1003
721 1 1002 1 721 1003
722 1 1002 1 722 1003
723 1 1002 1 723 1003
724 1 1002 1 724 1003
725 1 1002 1 725 1003
726 1 1002 1 726 1003
727 1 1002 1 727 1003
728 1 1002 1 728 1003
729 1 1002 1 729 1003
730 1 1002 1 730 1003
731 1 1002 1 731 1003
732 1 1002 1 732 1003
733 1 1002 1 733 1003
734 1 1002 1 734 1003
735 1 1002 1 735 1003
736 1 1002 1 736 1003
737 1 1002 1 737 1003
738 1 1002 1 738 1003
739 1 1002 1 739 1003
740 1 1002 1 740 1003
741 1 1002 1 741 1003
742 1 1002 1 742 1003
743 1 1002 1 743 1003
744 1 1002 1 744 1003
745 1 1002 1 745 1003
746 1 1002 1 746 1003
747 1 1002 1 747 1003
748 1 1002 1 748 1003
749 1 1002 1 749 1003
750 1 1002 1 750 1003
751 1 1002 1 751 1003
752 1 1002 1 752 1003
753 1 1002 1 753 1003
754 1 1002 1 754 1003
755 1 1002 1 755 1003
756 1 1002 1 756 1003
757 1 1002 1 757 1003
758 1 1002 1 758 1003
759 1 1002 1 759 1003
760 1 1002 1 760 1003
761 1 1002 1 761 1003
762 1 1002 1 762 1003
763 1 1002 1 763 1003
764 1 1002 1 764 1003
765 1 1002 1 765 1003
766 1 1002 1 766 1003
767 1 1002 1 767 1003
768 1 1002 1 768 1003
769 1 1002 1 769 1003
770 1 1002 1 770 1003
771 1 1002 1 771 1003
772 1 1002 1 772 1003
773 1 1002 1 773 1003
774 1 1002 1 774 1003
775 1 1002 1 775 1003
776 1 1002 1 776 1003
777 1 1002 1 777 1003
778 1 1002 1 778 1003
779 1 1002 1 779 1003
780 1 1002 1 780 1003
781 1 1002 1 781 1003
782 1 1002 1 782 1003
783 1 1002 1 783 1003
784 1 1002 1 784 1003
785 1 1002 1 785 1003
786 1 1002 1 786 1003
787 1 1002 1 787 1003
788 1 1002 1 788 1003
789 1 1002 1 789 1003
790 1 1002 1 790 1003
791 1 1002 1 791 1003
792 1 1002 1 792 1003
793 1 1002 1 793 1003
794 1 1002 1 794 1003
795 1 1002 1 795 1003
796 1 1002 1 796 1003
797 1 1002 1 797 1003
798 1 1002 1 798 1003
799 1 1002 1 799 1003
800 1 1002 1 800 1003
801 1 1002 1 801 1003
802 1 1002 1 802 1003
803 1 1002 1 803 1003
804 1 1002 1 804 1003
805 1 1002 1 805 1003
806 1 1002 1 806 1003
807 1 1002 1 807 1003
808 1 1002 1 808 1003
809 1 1002 1 809 1003
810 1 1002 1 810 1003
811 1 1002 1 811 1003
812 1 1002 1 812 1003
813 1 1002 1 813 1003
814 1 1002 1 814 1003
815 1 1002 1 815 1003
816 1 1002 1 816 1003
817 1 1002 1 817 1003
818 1 1002 1 818 1003
819 1 1002 1 819 1003
820 1 1002 1 820 1003
821 1 1002 1 821 1003
822 1 1002 1 822 1003
823 1 1002 1 823 1003
824 1 1002 1 824 1003
825 1 1002 1 825 1003
826 1 1002 1 826 1003
827 1 1002 1 827 1003
828 1 1002 1 828 1003
829 1 1002 1 829 1003
830 1 1002 1 830 1003
831 1 1002 1 831 1003
832 1 1002 1 832 1003
833 1 1002 1 833 1003
834 1 1002 1 834 1003
835 1 1002 1 835 1003
836 1 1002 1 836 1003
837 1 1002 1 837 1003
838 1 1002 1 838 1003
839 1 1002 1 839 1003
840 1 1002 1 840 1003
841 1 1002 1 841 1003
842 1 1002 1 842 1003
843 1 1002 1 843 1003
844 1 1002 1 844 1003
845 1 1002 1 845 1003
846 1 1002 1 846 1003
847 1 1002 1 847 1003
848 1 1002 1 848 1003
849 1 1002 1 849 1003
850 1 1002 1 850 1003
851 1 1002 1 851 1003
852 1 1002 1 852 1003
853 1 1002 1 853 1003
854 1 1002 1 854 1003
855 1 1002 1 855 1003
856 1 1002 1 856 1003
857 1 1002 1 857 1003
858 1 1002 1 858 1003
859 1 1002 1 859 1003
860 1 1002 1 860 1003
861 1 1002 1 861 1003
862 1 1002 1 862 1003
863 1 1002 1 863 1003
864 1 1002 1 864 1003
865 1 1002 1 865 1003
866 1 1002 1 866 1003
867 1 1002 1 867 1003
868 1 1002 1 868 1003
869 1 1002 1 869 1003
870 1 1002 1 870 1003
871 1 1002 1 871 1003
872 1 1002 1 872 1003
873 1 1002 1 873 1003
874 1 1002 1 874 1003
875 1 1002 1 875 1003
876 1 1002 1 876 1003
877 1 1002 1 877 1003
878 1 1002 1 878 1003
879 1 1002 1 879 1003
880 1 1002 1 880 1003
881 1 1002 1 881 1003
882 1 1002 1 882 1003
883 1 1002 1 883 1003
884 1 1002 1 884 1003
885 1 1002 1 885 1003
886 1 1002 1 886 1003
887 1 1002 1 887 1003
888 1 1002 1 888 1003
889 1 1002 1 889 1003
890 1 1002 1 890 1003
891 1 1002 1 891 1003
892 1 1002 1 892 1003
893 1 1002 1 893 1003
894 1 1002 1 894 1003
895 1 1002 1 895 1003
896 1 1002 1 896 1003
897 1 1002 1 897 1003
898 1 1002 1 898 1003
899 1 1002 1 899 1003
900 1 1002 1 900 1003
901 1 1002 1 901 1003
902 1 1002 1 902 1003
903 1 1002 1 903 1003
904 1 1002 1 904 1003
905 1 1002 1 905 1003
906 1 1002 1 906 1003
907 1 1002 1 907 1003
908 1 1002 1 908 1003
909 1 1002 1 909 1003
910 1 1002 1 910 1003
911 1 1002 1 911 1003
912 1 1002 1 912 1003
913 1 1002 1 913 1003
914 1 1002 1 914 1003
915 1 1002 1 915 1003
916 1 1002 1 916 1003
917 1 1002 1 917 1003
918 1 1002 1 918 1003
919 1 1002 1 919 1003
920 1 1002 1 920 1003
921 1 1002 1 921 1003
922 1 1002 1 922 1003
923 1 1002 1 923 1003
924 1 1002 1 924 1003
925 1 1002 1 925 1003
926 1 1002 1 926 1003
927 1 1002 1 927 1003
928 1 1002 1 928 1003
929 1 1002 1 929 1003
930 1 1002 1 930 1003
931 1 1002 1 931 1003
932 1 1002 1 932 1003
933 1 1002 1 933 1003
934 1 1002 1 934 1003
935 1 1002 1 935 1003
936 1 1002 1 936 1003
937 1 1002 1 937 1003
938 1 1002 1 938 1003
939 1 1002 1 939 1003
940 1 1002 1 940 1003
941 1 1002 1 941 1003
942 1 1002 1 942 1003
943 1 1002 1 943 1003
944 1 1002 1 944 1003
945 1 1002 1 945 1003
946 1 1002 1 946 1003
947 1 1002 1 947 1003
948 1 1002 1 948 1003
949 1 1002 1 949 1003
950 1 1002 1 950 1003
951 1 1002 1 951 1003
952 1 1002 1 952 1003
953 1 1002 1 953 1003
954 1 1002 1 954 1003
955 1 1002 1 955 1003
956 1 1002 1 956 1003
957 1 1002 1 957 1003
958 1 1002 1 958 1003
959 1 1002 1 959 1003
960 1 1002 1 960 1003
961 1 1002 1 961 1003
962 1 1002 1 962 1003
963 1 1002 1 963 1003
964 1 1002 1 964 1003
965 1 1002 1 965 1003
966 1 1002 1 966 1003
967 1 1002 1 967 1003
968 1 1002 1 968 1003
969 1 1002 1 969 1003
970 1 1002 1 970 1003
971 1 1002 1 971 1003
972 1 1002 1 972 1003
973 1 1002 1 973 1003
974 1 1002 1 974 1003
975 1 1002 1 975 1003
976 1 1002 1 976 1003
977 1 1002 1 977 1003
978 1 1002 1 978 1003
979 1 1002 1 979 1003
980 1 1002 1 980 1003
981 1 1002 1 981 1003
982 1 1002 1 982 1003
983 1 1002 1 983 1003
984 1 1002 1 984 1003
985 1 1002 1 985 1003
986 1 1002 1 986 1003
987 1 1002 1 987 1003
988 1 1002 1 988 1003
989 1 1002 1 989 1003
990 1 1002 1 990 1003
991 1 1002 1 991 1003
992 1 1002 1 992 1003
993 1 1002 1 993 1003
994 1 1002 1 994 1003
995 1 1002 1 995 1003
996 1 1002 1 996 1003
997 1 1002 1 997 1003
998 1 1002 1 998 1003
999 1 1002 1 999 1003
1000 1 1002 1 1000 1003
1001 1 1002 1 1001 1003
1002 1 1002 1 1002 1003
