250
4 1001
8 1001
12 1001
16 1001
20 1001
24 1001
28 1001
32 1001
36 1001
40 1001
44 1001
48 1001
52 1001
56 1001
60 1001
64 1001
68 1001
72 1001
76 1001
80 1001
84 1001
88 1001
92 1001
96 1001
100 1001
104 1001
108 1001
112 1001
116 1001
120 1001
124 1001
128 1001
132 1001
136 1001
140 1001
144 1001
148 1001
152 1001
156 1001
160 1001
164 1001
168 1001
172 1001
176 1001
180 1001
184 1001
188 1001
192 1001
196 1001
200 1001
204 1001
208 1001
212 1001
216 1001
220 1001
224 1001
228 1001
232 1001
236 1001
240 1001
244 1001
248 1001
252 1001
256 1001
260 1001
264 1001
268 1001
272 1001
276 1001
280 1001
284 1001
288 1001
292 1001
296 1001
300 1001
304 1001
308 1001
312 1001
316 1001
320 1001
324 1001
328 1001
332 1001
336 1001
340 1001
344 1001
348 1001
352 1001
356 1001
360 1001
364 1001
368 1001
372 1001
376 1001
380 1001
384 1001
388 1001
392 1001
396 1001
400 1001
404 1001
408 1001
412 1001
416 1001
420 1001
424 1001
428 1001
432 1001
436 1001
440 1001
444 1001
448 1001
452 1001
456 1001
460 1001
464 1001
468 1001
472 1001
476 1001
480 1001
484 1001
488 1001
492 1001
496 1001
500 1001
504 1001
508 1001
512 1001
516 1001
520 1001
524 1001
528 1001
532 1001
536 1001
540 1001
544 1001
548 1001
552 1001
556 1001
560 1001
564 1001
568 1001
572 1001
576 1001
580 1001
584 1001
588 1001
592 1001
596 1001
600 1001
604 1001
608 1001
612 1001
616 1001
620 1001
624 1001
628 1001
632 1001
636 1001
640 1001
644 1001
648 1001
652 1001
656 1001
660 1001
664 1001
668 1001
672 1001
676 1001
680 1001
684 1001
688 1001
692 1001
696 1001
700 1001
704 1001
708 1001
712 1001
716 1001
720 1001
724 1001
728 1001
732 1001
736 1001
740 1001
744 1001
748 1001
752 1001
756 1001
760 1001
764 1001
768 1001
772 1001
776 1001
780 1001
784 1001
788 1001
792 1001
796 1001
800 1001
804 1001
808 1001
812 1001
816 1001
820 1001
824 1001
828 1001
832 1001
836 1001
840 1001
844 1001
848 1001
852 1001
856 1001
860 1001
864 1001
868 1001
872 1001
876 1001
880 1001
884 1001
888 1001
892 1001
896 1001
900 1001
904 1001
908 1001
912 1001
916 1001
920 1001
924 1001
928 1001
932 1001
936 1001
940 1001
944 1001
948 1001
952 1001
956 1001
960 1001
964 1001
968 1001
972 1001
976 1001
980 1001
984 1001
988 1001
992 1001
996 1001
1000 1001
