1002 700
0 1
1 1
2 1
0 38
1 62
2 2
0 75
1 123
2 3
0 112
1 184
2 4
0 149
1 245
2 5
0 186
1 306
2 6
0 223
1 367
2 7
0 260
1 428
2 8
0 297
1 489
2 9
0 334
1 550
2 10
0 371
1 611
2 11
0 408
1 672
2 12
0 445
1 733
2 13
0 482
1 794
2 14
0 519
1 855
2 15
0 556
1 916
2 16
0 593
1 977
2 17
0 630
1 38
2 18
0 667
1 99
2 19
0 704
1 160
2 20
0 741
1 221
2 21
0 778
1 282
2 22
0 815
1 343
2 23
0 852
1 404
2 24
0 889
1 465
2 25
0 926
1 526
2 26
0 963
1 587
2 27
0 1000
1 648
2 28
0 37
1 709
2 29
0 74
1 770
2 30
0 111
1 831
2 31
0 148
1 892
2 32
0 185
1 953
2 33
0 222
1 14
2 34
0 259
1 75
2 35
0 296
1 136
2 36
0 333
1 197
2 37
0 370
1 258
2 38
0 407
1 319
2 39
0 444
1 380
2 40
0 481
1 441
2 41
0 518
1 502
2 42
0 555
1 563
2 43
0 592
1 624
2 44
0 629
1 685
2 45
0 666
1 746
2 46
0 703
1 807
2 47
0 740
1 868
2 48
0 777
1 929
2 49
0 814
1 990
2 50
0 851
1 51
2 1
0 888
1 112
2 2
0 925
1 173
2 3
0 962
1 234
2 4
0 999
1 295
2 5
0 36
1 356
2 6
0 73
1 417
2 7
0 110
1 478
2 8
0 147
1 539
2 9
0 184
1 600
2 10
0 221
1 661
2 11
0 258
1 722
2 12
0 295
1 783
2 13
0 332
1 844
2 14
0 369
1 905
2 15
0 406
1 966
2 16
0 443
1 27
2 17
0 480
1 88
2 18
0 517
1 149
2 19
0 554
1 210
2 20
0 591
1 271
2 21
0 628
1 332
2 22
0 665
1 393
2 23
0 702
1 454
2 24
0 739
1 515
2 25
0 776
1 576
2 26
0 813
1 637
2 27
0 850
1 698
2 28
0 887
1 759
2 29
0 924
1 820
2 30
0 961
1 881
2 31
0 998
1 942
2 32
0 35
1 3
2 33
0 72
1 64
2 34
0 109
1 125
2 35
0 146
1 186
2 36
0 183
1 247
2 37
0 220
1 308
2 38
0 257
1 369
2 39
0 294
1 430
2 40
0 331
1 491
2 41
0 368
1 552
2 42
0 405
1 613
2 43
0 442
1 674
2 44
0 479
1 735
2 45
0 516
1 796
2 46
0 553
1 857
2 47
0 590
1 918
2 48
0 627
1 979
2 49
0 664
1 40
2 50
0 701
1 101
2 1
0 738
1 162
2 2
0 775
1 223
2 3
0 812
1 284
2 4
0 849
1 345
2 5
0 886
1 406
2 6
0 923
1 467
2 7
0 960
1 528
2 8
0 997
1 589
2 9
0 34
1 650
2 10
0 71
1 711
2 11
0 108
1 772
2 12
0 145
1 833
2 13
0 182
1 894
2 14
0 219
1 955
2 15
0 256
1 16
2 16
0 293
1 77
2 17
0 330
1 138
2 18
0 367
1 199
2 19
0 404
1 260
2 20
0 441
1 321
2 21
0 478
1 382
2 22
0 515
1 443
2 23
0 552
1 504
2 24
0 589
1 565
2 25
0 626
1 626
2 26
0 663
1 687
2 27
0 700
1 748
2 28
0 737
1 809
2 29
0 774
1 870
2 30
0 811
1 931
2 31
0 848
1 992
2 32
0 885
1 53
2 33
0 922
1 114
2 34
0 959
1 175
2 35
0 996
1 236
2 36
0 33
1 297
2 37
0 70
1 358
2 38
0 107
1 419
2 39
0 144
1 480
2 40
0 181
1 541
2 41
0 218
1 602
2 42
0 255
1 663
2 43
0 292
1 724
2 44
0 329
1 785
2 45
0 366
1 846
2 46
0 403
1 907
2 47
0 440
1 968
2 48
0 477
1 29
2 49
0 514
1 90
2 50
0 551
1 151
2 1
0 588
1 212
2 2
0 625
1 273
2 3
0 662
1 334
2 4
0 699
1 395
2 5
0 736
1 456
2 6
0 773
1 517
2 7
0 810
1 578
2 8
0 847
1 639
2 9
0 884
1 700
2 10
0 921
1 761
2 11
0 958
1 822
2 12
0 995
1 883
2 13
0 32
1 944
2 14
0 69
1 5
2 15
0 106
1 66
2 16
0 143
1 127
2 17
0 180
1 188
2 18
0 217
1 249
2 19
0 254
1 310
2 20
0 291
1 371
2 21
0 328
1 432
2 22
0 365
1 493
2 23
0 402
1 554
2 24
0 439
1 615
2 25
0 476
1 676
2 26
0 513
1 737
2 27
0 550
1 798
2 28
0 587
1 859
2 29
0 624
1 920
2 30
0 661
1 981
2 31
0 698
1 42
2 32
0 735
1 103
2 33
0 772
1 164
2 34
0 809
1 225
2 35
0 846
1 286
2 36
0 883
1 347
2 37
0 920
1 408
2 38
0 957
1 469
2 39
0 994
1 530
2 40
0 31
1 591
2 41
0 68
1 652
2 42
0 105
1 713
2 43
0 142
1 774
2 44
0 179
1 835
2 45
0 216
1 896
2 46
0 253
1 957
2 47
0 290
1 18
2 48
0 327
1 79
2 49
0 364
1 140
2 50
0 401
1 201
2 1
0 438
1 262
2 2
0 475
1 323
2 3
0 512
1 384
2 4
0 549
1 445
2 5
0 586
1 506
2 6
0 623
1 567
2 7
0 660
1 628
2 8
0 697
1 689
2 9
0 734
1 750
2 10
0 771
1 811
2 11
0 808
1 872
2 12
0 845
1 933
2 13
0 882
1 994
2 14
0 919
1 55
2 15
0 956
1 116
2 16
0 993
1 177
2 17
0 30
1 238
2 18
0 67
1 299
2 19
0 104
1 360
2 20
0 141
1 421
2 21
0 178
1 482
2 22
0 215
1 543
2 23
0 252
1 604
2 24
0 289
1 665
2 25
0 326
1 726
2 26
0 363
1 787
2 27
0 400
1 848
2 28
0 437
1 909
2 29
0 474
1 970
2 30
0 511
1 31
2 31
0 548
1 92
2 32
0 585
1 153
2 33
0 622
1 214
2 34
0 659
1 275
2 35
0 696
1 336
2 36
0 733
1 397
2 37
0 770
1 458
2 38
0 807
1 519
2 39
0 844
1 580
2 40
0 881
1 641
2 41
0 918
1 702
2 42
0 955
1 763
2 43
0 992
1 824
2 44
0 29
1 885
2 45
0 66
1 946
2 46
0 103
1 7
2 47
0 140
1 68
2 48
0 177
1 129
2 49
0 214
1 190
2 50
0 251
1 251
2 1
0 288
1 312
2 2
0 325
1 373
2 3
0 362
1 434
2 4
0 399
1 495
2 5
0 436
1 556
2 6
0 473
1 617
2 7
0 510
1 678
2 8
0 547
1 739
2 9
0 584
1 800
2 10
0 621
1 861
2 11
0 658
1 922
2 12
0 695
1 983
2 13
0 732
1 44
2 14
0 769
1 105
2 15
0 806
1 166
2 16
0 843
1 227
2 17
0 880
1 288
2 18
0 917
1 349
2 19
0 954
1 410
2 20
0 991
1 471
2 21
0 28
1 532
2 22
0 65
1 593
2 23
0 102
1 654
2 24
0 139
1 715
2 25
0 176
1 776
2 26
0 213
1 837
2 27
0 250
1 898
2 28
0 287
1 959
2 29
0 324
1 20
2 30
0 361
1 81
2 31
0 398
1 142
2 32
0 435
1 203
2 33
0 472
1 264
2 34
0 509
1 325
2 35
0 546
1 386
2 36
0 583
1 447
2 37
0 620
1 508
2 38
0 657
1 569
2 39
0 694
1 630
2 40
0 731
1 691
2 41
0 768
1 752
2 42
0 805
1 813
2 43
0 842
1 874
2 44
0 879
1 935
2 45
0 916
1 996
2 46
0 953
1 57
2 47
0 990
1 118
2 48
0 27
1 179
2 49
0 64
1 240
2 50
0 101
1 301
2 1
0 138
1 362
2 2
0 175
1 423
2 3
0 212
1 484
2 4
0 249
1 545
2 5
0 286
1 606
2 6
0 323
1 667
2 7
0 360
1 728
2 8
0 397
1 789
2 9
0 434
1 850
2 10
0 471
1 911
2 11
0 508
1 972
2 12
0 545
1 33
2 13
0 582
1 94
2 14
0 619
1 155
2 15
0 656
1 216
2 16
0 693
1 277
2 17
0 730
1 338
2 18
0 767
1 399
2 19
0 804
1 460
2 20
0 841
1 521
2 21
0 878
1 582
2 22
0 915
1 643
2 23
0 952
1 704
2 24
0 989
1 765
2 25
0 26
1 826
2 26
0 63
1 887
2 27
0 100
1 948
2 28
0 137
1 9
2 29
0 174
1 70
2 30
0 211
1 131
2 31
0 248
1 192
2 32
0 285
1 253
2 33
0 322
1 314
2 34
