251
0 753504
4 1002
8 1002
12 1002
16 1002
20 1002
24 1002
28 1002
32 1002
36 1002
40 1002
44 1002
48 1002
52 1002
56 1002
60 1002
64 1002
68 1002
72 1002
76 1002
80 1002
84 1002
88 1002
92 1002
96 1002
100 1002
104 1002
108 1002
112 1002
116 1002
120 1002
124 1002
128 1002
132 1002
136 1002
140 1002
144 1002
148 1002
152 1002
156 1002
160 1002
164 1002
168 1002
172 1002
176 1002
180 1002
184 1002
188 1002
192 1002
196 1002
200 1002
204 1002
208 1002
212 1002
216 1002
220 1002
224 1002
228 1002
232 1002
236 1002
240 1002
244 1002
248 1002
252 1002
256 1002
260 1002
264 1002
268 1002
272 1002
276 1002
280 1002
284 1002
288 1002
292 1002
296 1002
300 1002
304 1002
308 1002
312 1002
316 1002
320 1002
324 1002
328 1002
332 1002
336 1002
340 1002
344 1002
348 1002
352 1002
356 1002
360 1002
364 1002
368 1002
372 1002
376 1002
380 1002
384 1002
388 1002
392 1002
396 1002
400 1002
404 1002
408 1002
412 1002
416 1002
420 1002
424 1002
428 1002
432 1002
436 1002
440 1002
444 1002
448 1002
452 1002
456 1002
460 1002
464 1002
468 1002
472 1002
476 1002
480 1002
484 1002
488 1002
492 1002
496 1002
500 1002
504 1002
508 1002
512 1002
516 1002
520 1002
524 1002
528 1002
532 1002
536 1002
540 1002
544 1002
548 1002
552 1002
556 1002
560 1002
564 1002
568 1002
572 1002
576 1002
580 1002
584 1002
588 1002
592 1002
596 1002
600 1002
604 1002
608 1002
612 1002
616 1002
620 1002
624 1002
628 1002
632 1002
636 1002
640 1002
644 1002
648 1002
652 1002
656 1002
660 1002
664 1002
668 1002
672 1002
676 1002
680 1002
684 1002
688 1002
692 1002
696 1002
700 1002
704 1002
708 1002
712 1002
716 1002
720 1002
724 1002
728 1002
732 1002
736 1002
740 1002
744 1002
748 1002
752 1002
756 1002
760 1002
764 1002
768 1002
772 1002
776 1002
780 1002
784 1002
788 1002
792 1002
796 1002
800 1002
804 1002
808 1002
812 1002
816 1002
820 1002
824 1002
828 1002
832 1002
836 1002
840 1002
844 1002
848 1002
852 1002
856 1002
860 1002
864 1002
868 1002
872 1002
876 1002
880 1002
884 1002
888 1002
892 1002
896 1002
900 1002
904 1002
908 1002
912 1002
916 1002
920 1002
924 1002
928 1002
932 1002
936 1002
940 1002
944 1002
948 1002
952 1002
956 1002
960 1002
964 1002
968 1002
972 1002
976 1002
980 1002
984 1002
988 1002
992 1002
996 1002
1000 1002
