0
3959
7919
11878
15838
19798
23757
27717
31676
35636
39595
43555
47514
51474
55433
59393
63352
67312
71271
75231
79190
83150
87109
91069
95028
98988
102947
106907
110866
114826
118785
122745
126704
130664
134623
138583
142542
146502
150461
154421
158380
162340
166299
170259
174218
178178
182137
186097
190056
194016
197975
201935
205894
209854
213813
217773
221732
225692
229651
233611
237570
241530
245489
249449
253408
257368
261327
265287
269246
273206
277165
281125
285084
289044
293003
296963
300922
304882
308841
312801
316760
320720
324679
328639
332598
336558
340517
344477
348436
352396
356355
360315
364274
368234
372193
376153
380112
384072
388031
391991
395950
399910
403869
407829
411788
415748
419707
423667
427626
431586
435545
439505
443464
447424
451383
455343
459302
463262
467221
471181
475140
479100
483059
487019
490978
494938
498897
502857
506816
510776
514735
518695
522654
526614
530573
534533
538492
542452
546411
550371
554330
558290
562249
566209
570168
574128
578087
582047
586006
589966
593925
597885
601844
605804
609763
613723
617682
621642
625601
629561
633520
637480
641439
645399
649358
653318
657277
661237
665196
669156
673115
677075
681034
684994
688953
692913
696872
700832
704791
708751
712710
716670
720629
724589
728548
732508
736467
740427
744386
748346
752305
756265
760224
764184
768143
772103
776062
780022
783981
787941
791900
795860
799819
803779
807738
811698
815657
819617
823576
827536
831495
835455
839414
843374
847333
851293
855252
859212
863171
867131
871090
875050
879009
882969
886928
890888
894847
898807
902766
906726
910685
914645
918604
922564
926523
930483
934442
938402
942361
946321
950280
954240
958199
962159
966118
970078
974037
977997
981956
985916
989875
993835
997794
5713
13632
21551
29470
37389
45308
53227
61146
69065
76984
84903
92822
100741
108660
116579
124498
132417
140336
148255
156174
164093
172012
179931
187850
195769
203688
211607
219526
227445
235364
243283
251202
259121
267040
274959
282878
290797
298716
306635
314554
322473
330392
338311
346230
354149
362068
369987
377906
385825
393744
401663
409582
417501
425420
433339
441258
449177
457096
465015
472934
480853
488772
496691
504610
512529
520448
528367
536286
544205
552124
560043
567962
575881
583800
591719
599638
607557
615476
623395
631314
639233
647152
655071
662990
670909
678828
686747
694666
702585
710504
718423
726342
734261
742180
750099
758018
765937
773856
781775
789694
797613
805532
813451
821370
829289
837208
845127
853046
860965
868884
876803
884722
892641
900560
908479
916398
924317
932236
940155
948074
955993
963912
971831
979750
987669
995588
3507
11426
19345
27264
35183
43102
51021
58940
66859
74778
82697
90616
98535
106454
114373
122292
130211
138130
146049
153968
161887
169806
177725
185644
193563
201482
209401
217320
225239
233158
241077
248996
256915
264834
272753
280672
288591
296510
304429
312348
320267
328186
336105
344024
351943
359862
367781
375700
383619
391538
399457
407376
415295
423214
431133
439052
446971
454890
462809
470728
478647
486566
494485
502404
510323
518242
526161
534080
541999
549918
557837
565756
573675
581594
589513
597432
605351
613270
621189
629108
637027
644946
652865
660784
668703
676622
684541
692460
700379
708298
716217
724136
732055
739974
747893
755812
763731
771650
779569
787488
795407
803326
811245
819164
827083
835002
842921
850840
858759
866678
874597
882516
890435
898354
906273
914192
922111
930030
937949
945868
953787
961706
969625
977544
985463
993382
1301
9220
17139
25058
32977
40896
48815
56734
64653
72572
80491
88410
96329
104248
112167
120086
128005
135924
143843
151762
159681
167600
175519
183438
191357
199276
207195
215114
223033
230952
238871
246790
254709
262628
270547
278466
286385
294304
302223
310142
318061
325980
333899
341818
349737
357656
365575
373494
381413
389332
397251
405170
413089
421008
428927
436846
444765
452684
460603
468522
476441
484360
492279
500198
508117
516036
523955
531874
539793
547712
555631
563550
571469
579388
587307
595226
603145
611064
618983
626902
634821
642740
650659
658578
666497
674416
682335
690254
698173
706092
714011
721930
729849
737768
745687
753606
761525
769444
777363
785282
793201
801120
809039
816958
824877
832796
840715
848634
856553
864472
872391
880310
888229
896148
904067
911986
919905
927824
935743
943662
951581
959500
967419
975338
983257
991176
999095
7014
14933
22852
30771
38690
46609
54528
62447
70366
78285
86204
94123
102042
109961
117880
125799
133718
141637
149556
157475
165394
173313
181232
189151
197070
204989
212908
220827
228746
236665
244584
252503
260422
268341
276260
284179
292098
300017
307936
315855
323774
331693
339612
347531
355450
363369
371288
379207
387126
395045
402964
410883
418802
426721
434640
442559
450478
458397
466316
474235
482154
490073
497992
505911
513830
521749
529668
537587
545506
553425
561344
569263
577182
585101
593020
600939
608858
616777
624696
632615
640534
648453
656372
664291
672210
680129
688048
695967
703886
711805
719724
727643
735562
743481
751400
759319
767238
775157
783076
790995
798914
806833
814752
822671
830590
838509
846428
854347
862266
870185
878104
886023
893942
901861
909780
917699
925618
933537
941456
949375
957294
965213
973132
981051
988970
996889
4808
12727
20646
28565
36484
44403
52322
60241
68160
76079
83998
91917
99836
107755
115674
123593
131512
139431
147350
155269
163188
171107
179026
186945
194864
202783
210702
218621
226540
234459
242378
250297
258216
266135
274054
281973
289892
297811
305730
313649
321568
329487
337406
345325
353244
361163
369082
377001
384920
392839
400758
408677
416596
424515
432434
440353
448272
456191
464110
472029
479948
487867
495786
503705
511624
519543
527462
535381
543300
551219
559138
567057
574976
582895
590814
598733
606652
614571
622490
630409
638328
646247
654166
662085
670004
677923
685842
693761
701680
709599
717518
725437
733356
741275
749194
757113
765032
772951
780870
788789
796708
804627
812546
820465
828384
836303
844222
852141
860060
867979
875898
883817
891736
899655
907574
915493
923412
931331
939250
947169
955088
963007
970926
978845
986764
994683
2602
10521
18440
26359
34278
42197
50116
58035
65954
73873
81792
89711
97630
105549
113468
121387
129306
137225
145144
153063
160982
168901
176820
184739
192658
200577
208496
216415
224334
232253
240172
248091
256010
263929
271848
279767
287686
295605
303524
311443
319362
327281
335200
343119
351038
358957
366876
374795
382714
390633
398552
406471
414390
422309
430228
438147
446066
453985
461904
469823
477742
485661
493580
501499
509418
517337
525256
533175
541094
549013
556932
564851
572770
580689
588608
596527
604446
612365
620284
628203
636122
644041
651960
659879
667798
675717
683636
691555
699474
707393
715312
723231
731150
739069
746988
754907
762826
770745
778664
786583
794502
802421
810340
818259
826178
834097
842016
849935
857854
865773
873692
881611
889530
897449
905368
913287
921206
929125
937044
944963
952882
960801
968720
976639
984558
992477
396
8315
16234
24153
32072
39991
47910
55829
63748
71667
79586
87505
95424
103343
111262
119181
127100
135019
142938
150857
158776
166695
174614
182533
190452
198371
206290
214209
222128
230047
237966
245885
253804
261723
269642
277561
285480
293399
301318
309237
317156
325075
332994
340913
348832
356751
364670
372589
380508
388427
396346
404265
412184
420103
428022
435941
443860
451779
459698
467617
475536
483455
491374
499293
507212
515131
523050
530969
538888
546807
554726
562645
570564
578483
586402
594321
602240
610159
618078
625997
633916
641835
649754
657673
665592
673511
681430
689349
697268
705187
713106
721025
728944
736863
744782
752701
760620
768539
776458
784377
792296
800215
808134
816053
823972
831891
839810
847729
855648
863567
871486
879405
887324
895243
903162
911081
919000
926919