0
919
1162
1757
2324
2595
3486
3567
4352
4729
5190
5891
6028
6947
7134
7785
8296
8623
9458
9539
10380
10701
11218
11863
12056
12975
13106
13813
14268
14651
15430
15511
16408
16673
17246
17835
18084
18997
19078
19841
20240
20679
21402
21517
22436
22645
23274
23807
24112
24969
25050
25869
26212
26707
27374
27545
28464
28617
29302
29779
30140
30941
31022
31897
32184
32735
33346
33573
34492
34589
35330
35751
36168
36913
37006
37925
38156
38763
39318
39601
40480
40561
41358
41723
42196
42885
43034
43953
44128
44791
45290
45629
46452
46533
47386
47695
48224
48857
49062
49981
50100
50819
51262
51657
52424
52505
53414
53667
54252
54829
55090
55991
56072
56847
57234
57685
58396
58523
59442
60361
69280
78199
87118
96037
104956
113875
122794
121287
114368
107449
100530
93611
86692
79773
72854
67935
68016
68903
69178
69741
70340
70579
71498
71583
72336
72745
73174
73907
74012
74931
75150
75769
76312
76607
77474
77555
78364
78717
79202
79879
80040
80959
81122
81797
82284
82635
83446
83527
84392
84689
85230
85851
86068
86987
87094
87825
88256
88663
89418
89501
90420
90661
91258
91823
92096
92985
93066
93853
94228
94691
95390
95529
96448
96633
97286
97795
98124
98957
99038
99881
100200
100719
101362
101557
102476
102605
103314
103767
104152
104929
105010
105909
106172
106747
107334
107585
108496
108577
109342
109739
110180
110901
111018
111937
112144
112775
113306
113613
114468
114549
115370
115711
116208
116873
117046
117965
118116
118803
121722
130641
139560
148479
157398
166317
175236
184155
193074
201993
210912
219831
228750
237669
246588
249493
242574
235655
228736
221817
214898
207979
201060
194141
187222
180303
173384
166465
159546
152627
145708
138789
135130
135951
136032
136887
137194
137725
138356
138563
139482
139599
140320
140761
141158
141923
142004
142915
143166
143753
144328
144591
145490
145571
146348
146733
147186
147895
148024
148943
149138
149781
150300
150619
151462
151543
152376
152705
153214
153867
154052
154971
155110
155809
156272
156647
157434
157515
158404
158677
159242
159839
160080
160999
161082
161837
162244
162675
163406
163513
164432
164649
165270
165811
166108
166973
167054
167865
168216
168703
169378
169541
170460
170621
171298
171783
172136
172945
173026
173893
174188
174731
175350
175569
176488
176593
177326
177755
178164
183083
192002
200921
209840
218759
227678
236597
245516
254435
263354
272273
281192
290111
299030
307949
316868
325787
334706
343625
352544
361463
370382
377699
370780
363861
356942
350023
343104
336185
329266
322347
315428
308509
301590
294671
287752
280833
273914
266995
260076
253157
246238
239319
232400
225481
218562
211643
204724
202805
203114
203967
204048
204871
205210
205709
206372
206547
207466
207615
208304
208777
209142
209939
210020
210899
211182
211737
212344
212575
213494
213587
214332
214749
215170
215911
216008
216927
217154
217765
218316
218603
219478
219559
220360
220721
221198
221883
222036
222955
223126
223793
224288
224631
225450
225531
226388
226693
227226
227855
228064
228983
229098
229821
230260
230659
231422
231503
232416
232665
233254
233827
234092
234989
235070
235849
236232
236687
237394
237525
244444
253363
262282
271201
280120
289039
297958
306877
315796
324715
333634
342553
351472
360391
369310
378229
387148
396067
404986
413905
422824
431743
440662
449581
458500
467419
476338
485257
494176
503095
498986
492067
485148
478229
471310
464391
457472
450553
443634
436715
429796
422877
415958
409039
402120
395201
388282
381363
374444
367525
360606
353687
346768
339849
332930
326011
319092
312173
305254
298335
291416
284497
277578
270659
270260
270821
271098
271983
272064
272855
273226
273693
274388
274531
275450
275631
276288
276793
277126
277955
278036
278883
279198
279721
280360
280559
281478
281603
282316
282765
283154
283927
284008
284911
285170
285749
286332
286587
287494
287575
288344
288737
289182
289899
290020
290939
291142
291777
292304
292615
293466
293547
294372
294709
295210
295871
296048
296967
297114
305805
314724
323643
332562
341481
350400
359319
368238
377157
386076
394995
403914
412833
421752
430671
439590
448509
457428
466347
475266
484185
493104
502023
510942
519861
528780
537699
546618
555537
564456
573375
582294
591213
600132
609051
617970
626889
627192
620273
613354
606435
599516
592597
585678
578759
571840
564921
558002
551083
544164
537245
530326
523407
516488
509569
502650
495731
488812
481893
474974
468055
461136
454217
447298
440379
433460
426541
419622
412703
405784
398865
391946
385027
378108
371189
364270
357351
350432
343513
337406
337675
338244
338837
339082
339999
340080
340839
341242
341677
342404
342515
343434
343647
344272
344809
345110
345971
346052
346867
347214
347705
348376
348543
349462
349619
350300
350781
351138
351943
352024
352895
353186
353733
354348
354571
355490
355591
356328
358247
367166
376085
385004
393923
402842
411761
420680
429599
438518
447437
456356
465275
474194
483113
492032
500951
509870
518789
527708
536627
545546
554465
563384
572303
581222
590141
599060
607979
616898
625817
634736
643655
652574
661493
670412
679331
688250
697169
706088
715007
723926
732845
741764
750683
755398
748479
741560
734641
727722
720803
713884
706965
700046
693127
686208
679289
672370
665451
658532
651613
644694
637775
630856
623937
617018
610099
603180
596261
589342
582423
575504
568585
561666
554747
547828
540909
533990
527071
520152
513233
506314
499395
492476
485557
478638
471719
464800
457881
450962
444043
437124
430205
423286
416367
409448
404529
405390
405691
406228
406853
407066
407985
408096
408823
409258
409661
410420
410501
411418
411663
412256
412825
413094
413987
414068
414851
415230
415689
419608
428527
437446
446365
455284
464203
473122
482041
490960
499879
508798
517717
526636
535555
544474
553393
562312
571231
580150
589069
597988
606907
615826
624745
633664
642583
651502
660421
669340
678259
687178
696097
705016
713935
722854
731773
740692
749611
758530
767449
776368
785287
794206
803125
812044
820963
829882
838801
847720
856639
865558
874477
883604
876685
869766
862847
855928
849009
842090
835171
828252
821333
814414
807495
800576
793657
786738
779819
772900
765981
759062
752143
745224
738305
731386
724467
717548
710629
703710
696791
689872
682953
676034
669115
662196
655277
648358
641439
634520
627601
620682
613763
606844
599925
593006
586087
579168
572249
565330
558411
551492
544573
537654
530735
523816
516897
509978
503059
496140
489221
482302
475383
472464
472545
473374
473707
474212
474869
475050
480969
489888
498807
507726
516645
525564
534483
543402
552321
561240
570159
579078
587997
596916
605835
614754
623673
632592
641511
650430
659349
668268
677187
686106
695025
703944
712863
721782
730701
739620
748539
757458
766377
775296
784215
793134
802053
810972
819891
828810
837729
846648
855567
864486
873405
882324
891243
900162
909081
918000
926919
