1002 1002
0 1000 2000 3000 4000 5000 6000 7000 8000 9000 10000 11000 12000 13000 14000 15000 16000 17000 18000 19000 20000 21000 22000 23000 24000 25000 26000 27000 28000 29000 30000 31000 32000 33000 34000 35000 36000 37000 38000 39000 40000 41000 42000 43000 44000 45000 46000 47000 48000 49000 50000 51000 52000 53000 54000 55000 56000 57000 58000 59000 60000 61000 62000 63000 64000 65000 66000 67000 68000 69000 70000 71000 72000 73000 74000 75000 76000 77000 78000 79000 80000 81000 82000 83000 84000 85000 86000 87000 88000 89000 90000 91000 92000 93000 94000 95000 96000 97000 98000 99000 100000 101000 102000 103000 104000 105000 106000 107000 108000 109000 110000 111000 112000 113000 114000 115000 116000 117000 118000 119000 120000 121000 122000 123000 124000 125000 126000 127000 128000 129000 130000 131000 132000 133000 134000 135000 136000 137000 138000 139000 140000 141000 142000 143000 144000 145000 146000 147000 148000 149000 150000 151000 152000 153000 154000 155000 156000 157000 158000 159000 160000 161000 162000 163000 164000 165000 166000 167000 168000 169000 170000 171000 172000 173000 174000 175000 176000 177000 178000 179000 180000 181000 182000 183000 184000 185000 186000 187000 188000 189000 190000 191000 192000 193000 194000 195000 196000 197000 198000 199000 200000 201000 202000 203000 204000 205000 206000 207000 208000 209000 210000 211000 212000 213000 214000 215000 216000 217000 218000 219000 220000 221000 222000 223000 224000 225000 226000 227000 228000 229000 230000 231000 232000 233000 234000 235000 236000 237000 238000 239000 240000 241000 242000 243000 244000 245000 246000 247000 248000 249000 250000 251000 252000 253000 254000 255000 256000 257000 258000 259000 260000 261000 262000 263000 264000 265000 266000 267000 268000 269000 270000 271000 272000 273000 274000 275000 276000 277000 278000 279000 280000 281000 282000 283000 284000 285000 286000 287000 288000 289000 290000 291000 292000 293000 294000 295000 296000 297000 298000 299000 300000 301000 302000 303000 304000 305000 306000 307000 308000 309000 310000 311000 312000 313000 314000 315000 316000 317000 318000 319000 320000 321000 322000 323000 324000 325000 326000 327000 328000 329000 330000 331000 332000 333000 334000 335000 336000 337000 338000 339000 340000 341000 342000 343000 344000 345000 346000 347000 348000 349000 350000 351000 352000 353000 354000 355000 356000 357000 358000 359000 360000 361000 362000 363000 364000 365000 366000 367000 368000 369000 370000 371000 372000 373000 374000 375000 376000 377000 378000 379000 380000 381000 382000 383000 384000 385000 386000 387000 388000 389000 390000 391000 392000 393000 394000 395000 396000 397000 398000 399000 400000 401000 402000 403000 404000 405000 406000 407000 408000 409000 410000 411000 412000 413000 414000 415000 416000 417000 418000 419000 420000 421000 422000 423000 424000 425000 426000 427000 428000 429000 430000 431000 432000 433000 434000 435000 436000 437000 438000 439000 440000 441000 442000 443000 444000 445000 446000 447000 448000 449000 450000 451000 452000 453000 454000 455000 456000 457000 458000 459000 460000 461000 462000 463000 464000 465000 466000 467000 468000 469000 470000 471000 472000 473000 474000 475000 476000 477000 478000 479000 480000 481000 482000 483000 484000 485000 486000 487000 488000 489000 490000 491000 492000 493000 494000 495000 496000 497000 498000 499000 500000 501000 502000 503000 504000 505000 506000 507000 508000 509000 510000 511000 512000 513000 514000 515000 516000 517000 518000 519000 520000 521000 522000 523000 524000 525000 526000 527000 528000 529000 530000 531000 532000 533000 534000 535000 536000 537000 538000 539000 540000 541000 542000 543000 544000 545000 546000 547000 548000 549000 550000 551000 552000 553000 554000 555000 556000 557000 558000 559000 560000 561000 562000 563000 564000 565000 566000 567000 568000 569000 570000 571000 572000 573000 574000 575000 576000 577000 578000 579000 580000 581000 582000 583000 584000 585000 586000 587000 588000 589000 590000 591000 592000 593000 594000 595000 596000 597000 598000 599000 600000 601000 602000 603000 604000 605000 606000 607000 608000 609000 610000 611000 612000 613000 614000 615000 616000 617000 618000 619000 620000 621000 622000 623000 624000 625000 626000 627000 628000 629000 630000 631000 632000 633000 634000 635000 636000 637000 638000 639000 640000 641000 642000 643000 644000 645000 646000 647000 648000 649000 650000 651000 652000 653000 654000 655000 656000 657000 658000 659000 660000 661000 662000 663000 664000 665000 666000 667000 668000 669000 670000 671000 672000 673000 674000 675000 676000 677000 678000 679000 680000 681000 682000 683000 684000 685000 686000 687000 688000 689000 690000 691000 692000 693000 694000 695000 696000 697000 698000 699000 700000 701000 702000 703000 704000 705000 706000 707000 708000 709000 710000 711000 712000 713000 714000 715000 716000 717000 718000 719000 720000 721000 722000 723000 724000 725000 726000 727000 728000 729000 730000 731000 732000 733000 734000 735000 736000 737000 738000 739000 740000 741000 742000 743000 744000 745000 746000 747000 748000 749000 750000 751000 752000 753000 754000 755000 756000 757000 758000 759000 760000 761000 762000 763000 764000 765000 766000 767000 768000 769000 770000 771000 772000 773000 774000 775000 776000 777000 778000 779000 780000 781000 782000 783000 784000 785000 786000 787000 788000 789000 790000 791000 792000 793000 794000 795000 796000 797000 798000 799000 800000 801000 802000 803000 804000 805000 806000 807000 808000 809000 810000 811000 812000 813000 814000 815000 816000 817000 818000 819000 820000 821000 822000 823000 824000 825000 826000 827000 828000 829000 830000 831000 832000 833000 834000 835000 836000 837000 838000 839000 840000 841000 842000 843000 844000 845000 846000 847000 848000 849000 850000 851000 852000 853000 854000 855000 856000 857000 858000 859000 860000 861000 862000 863000 864000 865000 866000 867000 868000 869000 870000 871000 872000 873000 874000 875000 876000 877000 878000 879000 880000 881000 882000 883000 884000 885000 886000 887000 888000 889000 890000 891000 892000 893000 894000 895000 896000 897000 898000 899000 900000 901000 902000 903000 904000 905000 906000 907000 908000 909000 910000 911000 912000 913000 914000 915000 916000 917000 918000 919000 920000 921000 922000 923000 924000 925000 926000 927000 928000 929000 930000 931000 932000 933000 934000 935000 936000 937000 938000 939000 940000 941000 942000 943000 944000 945000 946000 947000 948000 949000 950000 951000 952000 953000 954000 955000 956000 957000 958000 959000 960000 961000 962000 963000 964000 965000 966000 967000 968000 969000 970000 971000 972000 973000 974000 975000 976000 977000 978000 979000 980000 981000 982000 983000 984000 985000 986000 987000 988000 989000 990000 991000 992000 993000 994000 995000 996000 997000 998000 999000 1000000 1001000
0 1
7919 2
15838 3
23757 4
31676 5
39595 6
47514 7
55433 8
63352 9
71271 10
79190 11
87109 12
95028 13
102947 14
110866 15
118785 16
126704 17
134623 18
142542 19
150461 20
158380 21
166299 22
174218 23
182137 24
190056 25
197975 26
205894 27
213813 28
221732 29
229651 30
237570 31
245489 32
253408 33
261327 34
269246 35
277165 36
285084 37
293003 38
300922 39
308841 40
316760 41
324679 42
332598 43
340517 44
348436 45
356355 46
364274 47
372193 48
380112 49
388031 50
395950 51
403869 52
411788 53
419707 54
427626 55
435545 56
443464 57
451383 58
459302 59
467221 60
475140 61
483059 62
490978 63
498897 64
506816 65
514735 66
522654 67
530573 68
538492 69
546411 70
554330 71
562249 72
570168 73
578087 74
586006 75
593925 76
601844 77
609763 78
617682 79
625601 80
633520 81
641439 82
649358 83
657277 84
665196 85
673115 86
681034 87
688953 88
696872 89
704791 90
712710 91
720629 92
728548 93
736467 94
744386 95
752305 96
760224 97
768143 98
776062 99
783981 100
791900 101
799819 102
807738 103
815657 104
823576 105
831495 106
839414 107
847333 108
855252 109
863171 110
871090 111
879009 112
886928 113
894847 114
902766 115
910685 116
918604 117
926523 118
934442 119
942361 120
950280 121
958199 122
966118 123
974037 124
981956 125
989875 126
997794 127
5713 128
13632 129
21551 130
29470 131
37389 132
45308 133
53227 134
61146 135
69065 136
76984 137
84903 138
92822 139
100741 140
108660 141
116579 142
124498 143
132417 144
140336 145
148255 146
156174 147
164093 148
172012 149
179931 150
187850 151
195769 152
203688 153
211607 154
219526 155
227445 156
235364 157
243283 158
251202 159
259121 160
267040 161
274959 162
282878 163
290797 164
298716 165
306635 166
314554 167
322473 168
330392 169
338311 170
346230 171
354149 172
362068 173
369987 174
377906 175
385825 176
393744 177
401663 178
409582 179
417501 180
425420 181
433339 182
441258 183
449177 184
457096 185
465015 186
472934 187
480853 188
488772 189
496691 190
504610 191
512529 192
520448 193
528367 194
536286 195
544205 196
552124 197
560043 198
567962 199
575881 200
583800 201
591719 202
599638 203
607557 204
615476 205
623395 206
631314 207
639233 208
647152 209
655071 210
662990 211
670909 212
678828 213
686747 214
694666 215
702585 216
710504 217
718423 218
726342 219
734261 220
742180 221
750099 222
758018 223
765937 224
773856 225
781775 226
789694 227
797613 228
805532 229
813451 230
821370 231
829289 232
837208 233
845127 234
853046 235
860965 236
868884 237
876803 238
884722 239
892641 240
900560 241
908479 242
916398 243
924317 244
932236 245
940155 246
948074 247
955993 248
963912 249
971831 250
979750 251
987669 252
995588 253
3507 254
11426 255
19345 256
27264 257
35183 258
43102 259
51021 260
58940 261
66859 262
74778 263
82697 264
90616 265
98535 266
106454 267
114373 268
122292 269
130211 270
138130 271
146049 272
153968 273
161887 274
169806 275
177725 276
185644 277
193563 278
201482 279
209401 280
217320 281
225239 282
233158 283
241077 284
248996 285
256915 286
264834 287
272753 288
280672 289
288591 290
296510 291
304429 292
312348 293
320267 294
328186 295
336105 296
344024 297
351943 298
359862 299
367781 300
375700 301
383619 302
391538 303
399457 304
407376 305
415295 306
423214 307
431133 308
439052 309
446971 310
454890 311
462809 312
470728 313
478647 314
486566 315
494485 316
502404 317
510323 318
518242 319
526161 320
534080 321
541999 322
549918 323
557837 324
565756 325
573675 326
581594 327
589513 328
597432 329
605351 330
613270 331
621189 332
629108 333
637027 334
644946 335
652865 336
660784 337
668703 338
676622 339
684541 340
692460 341
700379 342
708298 343
716217 344
724136 345
732055 346
739974 347
747893 348
755812 349
763731 350
771650 351
779569 352
787488 353
795407 354
803326 355
811245 356
819164 357
827083 358
835002 359
842921 360
850840 361
858759 362
866678 363
874597 364
882516 365
890435 366
898354 367
906273 368
914192 369
922111 370
930030 371
937949 372
945868 373
953787 374
961706 375
969625 376
977544 377
985463 378
993382 379
1301 380
9220 381
17139 382
25058 383
32977 384
40896 385
48815 386
56734 387
64653 388
72572 389
80491 390
88410 391
96329 392
104248 393
112167 394
120086 395
128005 396
135924 397
143843 398
151762 399
159681 400
167600 401
175519 402
183438 403
191357 404
199276 405
207195 406
215114 407
223033 408
230952 409
238871 410
246790 411
254709 412
262628 413
270547 414
278466 415
286385 416
294304 417
302223 418
310142 419
318061 420
325980 421
333899 422
341818 423
349737 424
357656 425
365575 426
373494 427
381413 428
389332 429
397251 430
405170 431
413089 432
421008 433
428927 434
436846 435
444765 436
452684 437
460603 438
468522 439
476441 440
484360 441
492279 442
500198 443
508117 444
516036 445
523955 446
531874 447
539793 448
547712 449
555631 450
563550 451
571469 452
579388 453
587307 454
595226 455
603145 456
611064 457
618983 458
626902 459
634821 460
642740 461
650659 462
658578 463
666497 464
674416 465
682335 466
690254 467
698173 468
706092 469
714011 470
721930 471
729849 472
737768 473
745687 474
753606 475
761525 476
769444 477
777363 478
785282 479
793201 480
801120 481
809039 482
816958 483
824877 484
832796 485
840715 486
848634 487
856553 488
864472 489
872391 490
880310 491
888229 492
896148 493
904067 494
911986 495
919905 496
927824 497
935743 498
943662 499
951581 500
959500 501
967419 502
975338 503
983257 504
991176 505
999095 506
7014 507
14933 508
22852 509
30771 510
38690 511
46609 512
54528 513
62447 514
70366 515
78285 516
86204 517
94123 518
102042 519
109961 520
117880 521
125799 522
133718 523
141637 524
149556 525
157475 526
165394 527
173313 528
181232 529
189151 530
197070 531
204989 532
212908 533
220827 534
228746 535
236665 536
244584 537
252503 538
260422 539
268341 540
276260 541
284179 542
292098 543
300017 544
307936 545
315855 546
323774 547
331693 548
339612 549
347531 550
355450 551
363369 552
371288 553
379207 554
387126 555
395045 556
402964 557
410883 558
418802 559
426721 560
434640 561
442559 562
450478 563
458397 564
466316 565
474235 566
482154 567
490073 568
497992 569
505911 570
513830 571
521749 572
529668 573
537587 574
545506 575
553425 576
561344 577
569263 578
577182 579
585101 580
593020 581
600939 582
608858 583
616777 584
624696 585
632615 586
640534 587
648453 588
656372 589
664291 590
672210 591
680129 592
688048 593
695967 594
703886 595
711805 596
719724 597
727643 598
735562 599
743481 600
751400 601
759319 602
767238 603
775157 604
783076 605
790995 606
798914 607
806833 608
814752 609
822671 610
830590 611
838509 612
846428 613
854347 614
862266 615
870185 616
878104 617
886023 618
893942 619
901861 620
909780 621
917699 622
925618 623
933537 624
941456 625
949375 626
957294 627
965213 628
973132 629
981051 630
988970 631
996889 632
4808 633
12727 634
20646 635
28565 636
36484 637
44403 638
52322 639
60241 640
68160 641
76079 642
83998 643
91917 644
99836 645
107755 646
115674 647
123593 648
131512 649
139431 650
147350 651
155269 652
163188 653
171107 654
179026 655
186945 656
194864 657
202783 658
210702 659
218621 660
226540 661
234459 662
242378 663
250297 664
258216 665
266135 666
274054 667
281973 668
289892 669
297811 670
305730 671
313649 672
321568 673
329487 674
337406 675
345325 676
353244 677
361163 678
369082 679
377001 680
384920 681
392839 682
400758 683
408677 684
416596 685
424515 686
432434 687
440353 688
448272 689
456191 690
464110 691
472029 692
479948 693
487867 694
495786 695
503705 696
511624 697
519543 698
527462 699
535381 700
543300 701
551219 702
559138 703
567057 704
574976 705
582895 706
590814 707
598733 708
606652 709
614571 710
622490 711
630409 712
638328 713
646247 714
654166 715
662085 716
670004 717
677923 718
685842 719
693761 720
701680 721
709599 722
717518 723
725437 724
733356 725
741275 726
749194 727
757113 728
765032 729
772951 730
780870 731
788789 732
796708 733
804627 734
812546 735
820465 736
828384 737
836303 738
844222 739
852141 740
860060 741
867979 742
875898 743
883817 744
891736 745
899655 746
907574 747
915493 748
923412 749
931331 750
939250 751
947169 752
955088 753
963007 754
970926 755
978845 756
986764 757
994683 758
2602 759
10521 760
18440 761
26359 762
34278 763
42197 764
50116 765
58035 766
65954 767
73873 768
81792 769
89711 770
97630 771
105549 772
113468 773
121387 774
129306 775
137225 776
145144 777
153063 778
160982 779
168901 780
176820 781
184739 782
192658 783
200577 784
208496 785
216415 786
224334 787
232253 788
240172 789
248091 790
256010 791
263929 792
271848 793
279767 794
287686 795
295605 796
303524 797
311443 798
319362 799
327281 800
335200 801
343119 802
351038 803
358957 804
366876 805
374795 806
382714 807
390633 808
398552 809
406471 810
414390 811
422309 812
430228 813
438147 814
446066 815
453985 816
461904 817
469823 818
477742 819
485661 820
493580 821
501499 822
509418 823
517337 824
525256 825
533175 826
541094 827
549013 828
556932 829
564851 830
572770 831
580689 832
588608 833
596527 834
604446 835
612365 836
620284 837
628203 838
636122 839
644041 840
651960 841
659879 842
667798 843
675717 844
683636 845
691555 846
699474 847
707393 848
715312 849
723231 850
731150 851
739069 852
746988 853
754907 854
762826 855
770745 856
778664 857
786583 858
794502 859
802421 860
810340 861
818259 862
826178 863
834097 864
842016 865
849935 866
857854 867
865773 868
873692 869
881611 870
889530 871
897449 872
905368 873
913287 874
921206 875
929125 876
937044 877
944963 878
952882 879
960801 880
968720 881
976639 882
984558 883
992477 884
396 885
8315 886
16234 887
24153 888
32072 889
39991 890
47910 891
55829 892
63748 893
71667 894
79586 895
87505 896
95424 897
103343 898
111262 899
119181 900
127100 901
135019 902
142938 903
150857 904
158776 905
166695 906
174614 907
182533 908
190452 909
198371 910
206290 911
214209 912
222128 913
230047 914
237966 915
245885 916
253804 917
261723 918
269642 919
277561 920
285480 921
293399 922
301318 923
309237 924
317156 925
325075 926
332994 927
340913 928
348832 929
356751 930
364670 931
372589 932
380508 933
388427 934
396346 935
404265 936
412184 937
420103 938
428022 939
435941 940
443860 941
451779 942
459698 943
467617 944
475536 945
483455 946
491374 947
499293 948
507212 949
515131 950
523050 951
530969 952
538888 953
546807 954
554726 955
562645 956
570564 957
578483 958
586402 959
594321 960
602240 961
610159 962
618078 963
625997 964
633916 965
641835 966
649754 967
657673 968
665592 969
673511 970
681430 971
689349 972
697268 973
705187 974
713106 975
721025 976
728944 977
736863 978
744782 979
752701 980
760620 981
768539 982
776458 983
784377 984
792296 985
800215 986
808134 987
816053 988
823972 989
831891 990
839810 991
847729 992
855648 993
863567 994
871486 995
879405 996
887324 997
895243 998
903162 999
911081 1000
919000 1001
926919 1002
