125501
125502
125504
125507
125511
125516
125522
125529
125537
125546
125556
125567
125579
125592
125606
125621
125637
125654
125672
125691
125711
125732
125754
125777
125801
125826
125852
125879
125907
125936
125966
125997
126029
126062
126096
126131
126167
126204
126242
126281
126321
126362
126404
126447
126491
126536
126582
126629
126677
126726
126776
126827
126879
126932
126986
127041
127097
127154
127212
127271
127331
127392
127454
127517
127581
127646
127712
127779
127847
127916
127986
128057
128129
128202
128276
128351
128427
128504
128582
128661
128741
128822
128904
128987
129071
129156
129242
129329
129417
129506
129596
129687
129779
129872
129966
130061
130157
130254
130352
130451
130551
130652
130754
130857
130961
131066
131172
131279
131387
131496
131606
131717
131829
131942
132056
132171
132287
132404
132522
132641
132761
132882
133004
133127
133251
133376
133502
133629
133757
133886
134016
134147
134279
134412
134546
134681
134817
134954
135092
135231
135371
135512
135654
135797
135941
136086
136232
136379
136527
136676
136826
136977
137129
137282
137436
137591
137747
137904
138062
138221
138381
138542
138704
138867
139031
139196
139362
139529
139697
139866
140036
140207
140379
140552
140726
140901
141077
141254
141432
141611
141791
141972
142154
142337
142521
142706
142892
143079
143267
143456
143646
143837
144029
144222
144416
144611
144807
145004
145202
145401
145601
145802
146004
146207
146411
146616
146822
147029
147237
147446
147656
147867
148079
148292
148506
148721
148937
149154
149372
149591
149811
150032
150254
150477
150701
150926
151152
151379
151607
151836
152066
152297
152529
152762
152996
153231
153467
153704
153942
154181
154421
154662
154904
155147
155391
155636
155882
156129
156377
156626
156876
157127
157379
157632
157886
158141
158397
158654
158912
159171
159431
159692
159954
160217
160481
160746
161012
161279
161547
161816
162086
162357
162629
162902
163176
163451
163727
164004
164282
164561
164841
165122
165404
165687
165971
166256
166542
166829
167117
167406
167696
167987
168279
168572
168866
169161
169457
169754
170052
170351
170651
170952
171254
171557
171861
172166
172472
172779
173087
173396
173706
174017
174329
174642
174956
175271
175587
175904
176222
176541
176861
177182
177504
177827
178151
178476
178802
179129
179457
179786
180116
180447
180779
181112
181446
181781
182117
182454
182792
183131
183471
183812
184154
184497
184841
185186
185532
185879
186227
186576
186926
187277
187629
187982
188336
188691
189047
189404
189762
190121
190481
190842
191204
191567
191931
192296
192662
193029
193397
193766
194136
194507
194879
195252
195626
195626
195626
195626
195626
195626
195626
195626
195626
195626
195626
195626
195626
195626
195626
195626
195626
195626
195626
195626
195626
195626
195626
195626
195626
195626
195626
195626
195626
195626
195626
195626
195626
195626
19......