26 144 0 25
0 1 7
0 2 11
0 3 3
0 4 5
0 5 3
0 6 9
0 7 7
0 8 8
1 9 1
1 10 6
1 11 3
1 12 7
1 13 5
1 14 7
1 15 1
1 16 9
2 9 8
2 10 7
2 11 1
2 12 4
2 13 4
2 14 2
2 15 7
2 16 6
3 9 4
3 10 3
3 11 7
3 12 4
3 13 6
3 14 9
3 15 5
3 16 7
4 9 3
4 10 2
4 11 8
4 12 9
4 13 2
4 14 7
4 15 9
4 16 8
5 9 2
5 10 8
5 11 2
5 12 3
5 13 9
5 14 7
5 15 4
5 16 3
6 9 8
6 10 9
6 11 1
6 12 8
6 13 7
6 14 6
6 15 8
6 16 2
7 9 3
7 10 2
7 11 9
7 12 1
7 13 1
7 14 4
7 15 9
7 16 9
8 9 2
8 10 8
8 11 8
8 12 8
8 13 2
8 14 8
8 15 1
8 16 8
9 17 4
9 18 7
9 19 3
9 20 4
9 21 1
9 22 6
9 23 9
9 24 6
10 17 8
10 18 7
10 19 3
10 20 8
10 21 9
10 22 6
10 23 6
10 24 2
11 17 1
11 18 5
11 19 7
11 20 2
11 21 2
11 22 7
11 23 4
11 24 9
12 17 4
12 18 7
12 19 4
12 20 2
12 21 2
12 22 1
12 23 1
12 24 3
13 17 2
13 18 3
13 19 2
13 20 4
13 21 4
13 22 3
13 23 1
13 24 7
14 17 8
14 18 8
14 19 1
14 20 1
14 21 2
14 22 8
14 23 6
14 24 2
15 17 2
15 18 9
15 19 7
15 20 7
15 21 3
15 22 6
15 23 4
15 24 5
16 17 9
16 18 7
16 19 4
16 20 8
16 21 1
16 22 7
16 23 9
16 24 9
17 25 11
18 25 8
19 25 6
20 25 8
21 25 10
22 25 11
23 25 5
24 25 11
