0
919
1162
1757
2324
2595
3486
3567
4352
4729
5190
5891
6028
6947
7134
7785
8296
8377
9458
9539
10380
10701
11106
11863
12056
12975
13106
13863
14324
14505
15430
15511
16292
16673
17160
17851
18084
18997
19156
19843
20394
20579
21598
21679
22564
22855
23464
23953
24336
25225
25450
26263
26404
27303
27574
28307
28696
29291
29908
30169
31080
31140
32103
32222
33103
33384
34065
34546
35027
35708
36091
36972
37147
37972
38357
38938
39691
39972
40751
40972
41869
42076
42869
43228
43821
44407
44766
45593
45838
46631
46850
47739
47892
48777
49016
49715
50254
50677
51362
51699
52576
52699
53576
53816
54559
54980
55539
56298
56541
57460
57541
58476
58623
59476
59878
60429
61256
61427
62298
62377
63314
63504
64207
64694
65207
65922
66215
66938
67276
67927
68522
68927
69806
69927
70806
71184
71751
72540
72789
73589
73888
74509
75267
75589
76454
76589
77444
77728
78411
79080
79411
80298
80411
81306
81544
82306
82641
83306
83890
84306
85154
85306
86250
86306
87278
87306
88297
88342
89219
89426
90219
90510
91219
91802
92219
93122
93219
94122
94368
95122
95520
96122
96826
97122
98046
98122
99056
99122
100056
100242
101056
101590
102056
102922
103056
104078
104122
105078
105369
106078
106788
107078
108078
108209
109078
109532
110078
111078
111026
112078
112540
113078
114078
113940
115078
115518
116078
117078
116766
118078
118506
119078
120078
119589
121078
121494
122078
123078
122603
124078
124482
125078
126078
125616
127078
127470
128078
129078
128629
130078
130458
131078
132078
131642
133078
133446
134078
135078
134655
136078
136434
137078
138078
137668
139078
139422
140078
141078
140681
142078
142410
143078
144078
143694
145078
145398
146078
147078
146707
148078
148386
149078
150078
149720
151078
151374
152078
153078
152733
154078
154362
155078
156078
155746
157078
157350
158078
159078
158759
160078
160338
161078
162078
161772
163078
163326
164078
165078
164785
166078
166314
167078
168078
167798
169078
169302
170078
171078
170811
172078
172290
173078
174078
173824
175078
175278
176078
177078
176837
178078
178266
179078
180078
179850
181078
181254
182078
183078
182863
184078
184242
185078
186078
185876
187078
187230
188078
189078
188889
190078
190218
191078
192078
191902
193078
193206
194078
195078
194915
196078
196194
197078
198078
197928
199078
199182
200078
201078
200941
202078
202170
203078
204078
203954
205078
205158
206078
207078
206967
208078
208146
209078
210078
209980
211078
211134
212078
213078
212993
214078
214122
215078
216078
216006
217078
217110
218078
219078
219019
220078
220098
221078
222078
222032
223078
223086
224078
225078
225045
226078
226074
227078
228078
228058
229078
229062
230078
231078
231071
232078
232050
233078
234084
234084
235038
236091
236078
237084
238097
238066
239084
240123
240054
241084
242136
242042
243084
244149
244030
245084
246162
246018
247084
248175
248006
249084
250188
249994
251084
252201
251982
253084
254214
253970
255084
256227
255958
257084
258240
257946
259084
260253
259934
261084
262266
261922
263084
264279
263910
265084
266292
265898
267084
268305
267886
269084
270318
269874
271084
272331
271862
273084
274344
273850
275084
276357
275838
277084
278370
277826
279084
280383
279814
281084
282396
281802
283084
284409
283790
285084
286422
285778
287084
288435
287766
289084
290448
289754
291084
292461
291742
293084
294474
293730
295084
296487
295718
297084
298500
297706
299084
300513
299694
301084
302526
301682
303084
304539
303670
305084
306552
305658
307084
308565
307646
309084
310578
309634
311084
312591
311622
313084
314604
313610
315084
316617
315598
317084
318630
317586
319084
320643
319574
321084
322656
321562
323084
324669
323550
325084
326682
325538
327084
328695
327526
329084
330708
329514
331084
332721
331502
333084
334734
333490
335084
336747
335478
337084
338760
337466
339084
340773
339454
341084
342786
341442
343084
344799
343430
345084
346812
345418
347084
348825
347406
349084
350838
349394
351084
352851
351382
353084
354864
353370
355084
356877
355358
357084
358890
357346
359084
360903
359334
361084
362916
361322
363084
364929
363310
365084
366942
365298
367084
368955
367286
369084
370968
369274
371084
372981
371262
373084
374994
373250
375084
377007
375238
377084
379020
377226
379084
381033
379214
381084
383046
381202
383084
385059
383190
385084
387072
385178
387084
389085
387166
389084
391098
389154
391084
393111
391142
393084
395124
393130
395084
397137
395118
397084
399150
397106
399084
401163
399094
401084
403176
401082
403084
405189
403070
405084
407202
405058
407084
409215
407046
409084
411228
409034
411084
413241
411022
413084
415254
413010
415084
417267
414998
417084
419280
416986
419084
421293
418974
421084
423306
420962
423084
425319
422950
425084
427332
424938
427084
429345
426926
429084
431358
428914
431084
433371
430902
433084
435384
432890
435084
437397
434878
437084
439410
436866
439084
441423
438854
441084
443436
440842
443084
445449
442830
445084
447462
444818
447084
449475
446806
449084
451488
448794
451084
453501
450782
453084
455514
452770
455084
457527
454758
457084
459540
456746
459084
461553
458734
461084
463566
460722
463084
465579
462710
465084
467592
464698
467084
469605
466686
469084
471618
468674
471084
473631
470662
473084
475644
472650
475084
477657
474638
477084
479670
476626
479084
481683
478614
481084
483696
480602
483084
485709
482590
485084
487722
484578
487084
489735
486566
489084
491748
488554
491084
493761
490542
493084
495774
492530
495084
497787
494518
497084
499800
496506
499084
501813
498494
501084
503826
500482
503084
505839
502470
505084
507852
504458
507084
509865
506446
509084
511878
508434
511084
513891
510422
513084
515904
512410
515084
517917
514398
517084
519930
516386
519084
521943
518374
521084
523956
520362
523084
525969
522350
525084
527982
524338
527084
529995
526326
529084
532008
528314
531084
534021
530302
533084
536034
532290
535084
538047
534278
537084
540060
536266
539084
542073
538254
541084
544086
540242
543084
546099
542230
545084
548112
544218
547084
550125
546206
549084
552138
548194
551084
554151
550182
553084
556164
552170
555084
558177
554158
557084
560190
556146
559084
562203
558134
561084
564216
560122
563084
566229
562110
565084
568242
564098
567084
570255
566086
569084
572268
568074
571084
574281
570062
573084
576294
572050
575084
578307
574038
577084
580320
576026
579084
582333
578014
581084
584346
580002
583084
586359
581990
585084
588372
583978
587084
590385
585966
589084
592398
587954
591084
594411
589942
593084
596424
591930
595084
598437
593918
597084
600450
595906
599084
602463
597894
601084
604476
599882
603084
606489
601870
605084
608502
603858
607084
610515
605846
609084
612528
607834
611084
614541
609822
613084
616554
611810
615084
618567
613798
617084
620580
615786
619084
622593
617774
621084
624606
619762
623084
626619
621750
625084
628632
623738
627084
630645
625726
629084
632658
627714
631084
634671
629702
633084
636684
631690
635084
638697
633678
637084
640710
635666
639084
642723
637654
641084
644736
639642
643084
646749
641630
645084
648762
643618
647084
650775
645606
649084
652788
647594
651084
654801
649582
653084
656814
651570
655084
658827
653558
657084
660840
655546
659084
662853
657534
661084
664866
659522
663084
666879
661510
665084
668892
663498
667084
670905
665486
669084
672918
667474
671084
674931
669462
673084
676944
671450
675084
678957
673438
677084
680970
675426
679084
682983
677414
681084
684996
679402
683084
687009
681390
685084
689022
683378
687084
691035
685366
689084
693048
687354
691084
695061
689342
693084
697074
691330
695084
699087
693318
697084
701100
695306
699084
703113
697294
701084
705126
699282
703084
707139
701270
705084
709152
703258
707084
711165
705246
709084
713178
707234
711084
715191
709222
713084
717204
711210
715084
719217
713198
717084
721230
715186
719084
723243
717174
721084
725256
719162
723084
727269
721150
725084
729282
723138
727084
731295
725126
729084
733308
727114
731084
735321
729102
733084
737334
731090
735084
739347
733078
737084
741360
735066
739084
743373
737054
741084
745386
739042
743084
747399
741030
745084
749412
743018
747084
751425
745006
749084
753438
746994
751084
755451
748982
753084
757464
750970
755084
759477
752958
757084
761490
754946
759084
763503
756934
761084
765516
758922
763084
767529
760910
765084
769542
762898
767084
771555
764886
769084
773568
766874
771084
775581
768862
773084
777594
770850
775084
779607
772838
777084
781620
774826
779084
783633
776814
781084
785646
778802
783084
787659
780790
785084
789672
782778
787084
791685
784766
789084
793698
786754
791084
795711
788742
793084
797724
790730
795084
799737
792718
797084
801750
794706
799084
803763
796694
801084
805776
798682
803084
807789
800670
805084
809802
802658
807084
811815
804646
809084
813828
806634
811084
815841
808622
813084
817854
810610
815084
819867
812598
817084
821880
814586
819084
823893
816574
821084
825906
818562
823084
827919
820550
825084
829932
822538
827084
831945
824526
829084
833958
826514
831084
835971
828502
833084
837984
830490
835084
839997
832478
837084
842010
834466
839084
844023
836454
841084
846036
838442
843084
848049
840430
845084
850062
842418
847084
852075
844406
849084
854088
846394
851084
856101
848382
853084
858114
850370
855084
860127
852358
857084
862140
854346
859084
864153
856334
861084
866166
858322
863084
868179
860310
865084
870192
862298
867084
872205
864286
869084
874218
866274
871084
876231
868262
873084
878244
870250
875084
880257
872238
877084
882270
874226
879084
884283
876214
881084
886296
878202
883084
888309
880190
885084
890322
882178
887084
892335
884166
889084
894348
886154
891084
896361
888142
893084
898374
890130
895084
900387
892118
897084
902400
894106
899084
904413
896094
901084
906426
898082
903084
908439
900070
905084
910452
902058
907084
912465
904046
909084
914478
906034
911084
916491
908022
913084
918504
910010
915084
920517
911998
917084
922530
913986
919084
924543
915974
921084
926556
917962
923084
928569
919950
925084
930582
921938
927084
932595
923926
929084
934608
925914
931084
936621
927902
933084
938634
929890
935084
940647
931878
937084
942660
933866
939084
944673
935854
941084
946686
937842
943084
948699
939830
945084
950712
941818
947084
952725
943806
949084
954738
945794
951084
956751
947782
953084
958764
949770
955084
960777
951758
957084
962790
953746
959084
964803
955734
961084
966816
957722
963084
968829
959710
965084
970842
961698
967084
972855
963686
969084
974868
965674
971084
976881
967662
973084
978894
969650
975084
980907
971638
977084
982920
973626
979084
984933
975614
981084
986946
977602
983084
988959
979590
985084
990972
981578
987084
992985
983566
989084
994998
985554
991084
997011
987542
993084
999024
989530
995084
1001037
991518
997084
1003050
993506
999084
1005063
995494
1001084
1007076