1003 1002
1 14 27 40 53 66 79 92 105 118 131 144 157 170 183 196 209 222 235 248 261 274 287 300 313 326 339 352 365 378 391 404 417 430 443 456 469 482 495 508 521 534 547 560 573 586 599 612 625 638 651 664 677 690 703 716 729 742 755 768 781 794 807 820 833 846 859 872 885 898 911 924 937 950 963 976 989 2 15 28 41 54 67 80 93 106 119 132 145 158 171 184 197 210 223 236 249 262 275 288 301 314 327 340 353 366 379 392 405 418 431 444 457 470 483 496 509 522 535 548 561 574 587 600 613 626 639 652 665 678 691 704 717 730 743 756 769 782 795 808 821 834 847 860 873 886 899 912 925 938 951 964 977 990 3 16 29 42 55 68 81 94 107 120 133 146 159 172 185 198 211 224 237 250 263 276 289 302 315 328 341 354 367 380 393 406 419 432 445 458 471 484 497 510 523 536 549 562 575 588 601 614 627 640 653 666 679 692 705 718 731 744 757 770 783 796 809 822 835 848 861 874 887 900 913 926 939 952 965 978 991 4 17 30 43 56 69 82 95 108 121 134 147 160 173 186 199 212 225 238 251 264 277 290 303 316 329 342 355 368 381 394 407 420 433 446 459 472 485 498 511 524 537 550 563 576 589 602 615 628 641 654 667 680 693 706 719 732 745 758 771 784 797 810 823 836 849 862 875 888 901 914 927 940 953 966 979 992 5 18 31 44 57 70 83 96 109 122 135 148 161 174 187 200 213 226 239 252 265 278 291 304 317 330 343 356 369 382 395 408 421 434 447 460 473 486 499 512 525 538 551 564 577 590 603 616 629 642 655 668 681 694 707 720 733 746 759 772 785 798 811 824 837 850 863 876 889 902 915 928 941 954 967 980 993 6 19 32 45 58 71 84 97 110 123 136 149 162 175 188 201 214 227 240 253 266 279 292 305 318 331 344 357 370 383 396 409 422 435 448 461 474 487 500 513 526 539 552 565 578 591 604 617 630 643 656 669 682 695 708 721 734 747 760 773 786 799 812 825 838 851 864 877 890 903 916 929 942 955 968 981 994 7 20 33 46 59 72 85 98 111 124 137 150 163 176 189 202 215 228 241 254 267 280 293 306 319 332 345 358 371 384 397 410 423 436 449 462 475 488 501 514 527 540 553 566 579 592 605 618 631 644 657 670 683 696 709 722 735 748 761 774 787 800 813 826 839 852 865 878 891 904 917 930 943 956 969 982 995 8 21 34 47 60 73 86 99 112 125 138 151 164 177 190 203 216 229 242 255 268 281 294 307 320 333 346 359 372 385 398 411 424 437 450 463 476 489 502 515 528 541 554 567 580 593 606 619 632 645 658 671 684 697 710 723 736 749 762 775 788 801 814 827 840 853 866 879 892 905 918 931 944 957 970 983 996 9 22 35 48 61 74 87 100 113 126 139 152 165 178 191 204 217 230 243 256 269 282 295 308 321 334 347 360 373 386 399 412 425 438 451 464 477 490 503 516 529 542 555 568 581 594 607 620 633 646 659 672 685 698 711 724 737 750 763 776 789 802 815 828 841 854 867 880 893 906 919 932 945 958 971 984 997 10 23 36 49 62 75 88 101 114 127 140 153 166 179 192 205 218 231 244 257 270 283 296 309 322 335 348 361 374 387 400 413 426 439 452 465 478 491 504 517 530 543 556 569 582 595 608 621 634 647 660 673 686 699 712 725 738 751 764 777 790 803 816 829 842 855 868 881 894 907 920 933 946 959 972 985 998 11 24 37 50 63 76 89 102 115 128 141 154 167 180 193 206 219 232 245 258 271 284 297 310 323 336 349 362 375 388 401 414 427 440 453 466 479 492 505 518 531 544 557 570 583 596 609 622 635 648 661 674 687 700 713 726 739 752 765 778 791 804 817 830 843 856 869 882 895 908 921 934 947 960 973 986 999 12 25 38 51 64 77 90 103 116 129 142 155 168 181 194 207 220 233 246 259 272 285 298 311 324 337 350 363 376 389 402 415 428 441 454 467 480 493 506 519 532 545 558 571 584 597 610 623 636 649 662 675 688 701 714 727 740 753 766 779 792 805 818 831 844 857 870 883 896 909 922 935 948 961 974 987 1000 13 26 39 52 65 78 91 104 117 130 143 156 169 182 195 208 221 234 247 260 273 286 299 312 325 338 351 364 377 390 403 416 429 442 455 468 481 494 507 520 533 546 559 572 585 598 611 624 637 650 663 676 689 702 715 728 741 754 767 780 793 806 819 832 845 858 871 884 897 910 923 936 949 962 975 988 1 14 27
1 2 2
2 3 3
3 4 4
4 5 5
5 6 6
6 7 7
7 8 8
8 9 9
9 10 10
10 11 11
11 12 12
12 13 13
13 14 14
14 15 15
15 16 16
16 17 17
17 18 18
18 19 19
19 20 1
20 21 2
21 22 3
22 23 4
23 24 5
24 25 6
25 26 7
26 27 8
27 28 9
28 29 10
29 30 11
30 31 12
31 32 13
32 33 14
33 34 15
34 35 16
35 36 17
36 37 18
37 38 19
38 39 1
39 40 2
40 41 3
41 42 4
42 43 5
43 44 6
44 45 7
45 46 8
46 47 9
47 48 10
48 49 11
49 50 12
50 51 13
51 52 14
52 53 15
53 54 16
54 55 17
55 56 18
56 57 19
57 58 1
58 59 2
59 60 3
60 61 4
61 62 5
62 63 6
63 64 7
64 65 8
65 66 9
66 67 10
67 68 11
68 69 12
69 70 13
70 71 14
71 72 15
72 73 16
73 74 17
74 75 18
75 76 19
76 77 1
77 78 2
78 79 3
79 80 4
80 81 5
81 82 6
82 83 7
83 84 8
84 85 9
85 86 10
86 87 11
87 88 12
88 89 13
89 90 14
90 91 15
91 92 16
92 93 17
93 94 18
94 95 19
95 96 1
96 97 2
97 98 3
98 99 4
99 100 5
100 101 6
101 102 7
102 103 8
103 104 9
104 105 10
105 106 11
106 107 12
107 108 13
108 109 14
109 110 15
110 111 16
111 112 17
112 113 18
113 114 19
114 115 1
115 116 2
116 117 3
117 118 4
118 119 5
119 120 6
120 121 7
121 122 8
122 123 9
123 124 10
124 125 11
125 126 12
126 127 13
127 128 14
128 129 15
129 130 16
130 131 17
131 132 18
132 133 19
133 134 1
134 135 2
135 136 3
136 137 4
137 138 5
138 139 6
139 140 7
140 141 8
141 142 9
142 143 10
143 144 11
144 145 12
145 146 13
146 147 14
147 148 15
148 149 16
149 150 17
150 151 18
151 152 19
152 153 1
153 154 2
154 155 3
155 156 4
156 157 5
157 158 6
158 159 7
159 160 8
160 161 9
161 162 10
162 163 11
163 164 12
164 165 13
165 166 14
166 167 15
167 168 16
168 169 17
169 170 18
170 171 19
171 172 1
172 173 2
173 174 3
174 175 4
175 176 5
176 177 6
177 178 7
178 179 8
179 180 9
180 181 10
181 182 11
182 183 12
183 184 13
184 185 14
185 186 15
186 187 16
187 188 17
188 189 18
189 190 19
190 191 1
191 192 2
192 193 3
193 194 4
194 195 5
195 196 6
196 197 7
197 198 8
198 199 9
199 200 10
200 201 11
201 202 12
202 203 13
203 204 14
204 205 15
205 206 16
206 207 17
207 208 18
208 209 19
209 210 1
210 211 2
211 212 3
212 213 4
213 214 5
214 215 6
215 216 7
216 217 8
217 218 9
218 219 10
219 220 11
220 221 12
221 222 13
222 223 14
223 224 15
224 225 16
225 226 17
226 227 18
227 228 19
228 229 1
229 230 2
230 231 3
231 232 4
232 233 5
233 234 6
234 235 7
235 236 8
236 237 9
237 238 10
238 239 11
239 240 12
240 241 13
241 242 14
242 243 15
243 244 16
244 245 17
245 246 18
246 247 19
247 248 1
248 249 2
249 250 3
250 251 4
251 252 5
252 253 6
253 254 7
254 255 8
255 256 9
256 257 10
257 258 11
258 259 12
259 260 13
260 261 14
261 262 15
262 263 16
263 264 17
264 265 18
265 266 19
266 267 1
267 268 2
268 269 3
269 270 4
270 271 5
271 272 6
272 273 7
273 274 8
274 275 9
275 276 10
276 277 11
277 278 12
278 279 13
279 280 14
280 281 15
281 282 16
282 283 17
283 284 18
284 285 19
285 286 1
286 287 2
287 288 3
288 289 4
289 290 5
290 291 6
291 292 7
292 293 8
293 294 9
294 295 10
295 296 11
296 297 12
297 298 13
298 299 14
299 300 15
300 301 16
301 302 17
302 303 18
303 304 19
304 305 1
305 306 2
306 307 3
307 308 4
308 309 5
309 310 6
310 311 7
311 312 8
312 313 9
313 314 10
314 315 11
315 316 12
316 317 13
317 318 14
318 319 15
319 320 16
320 321 17
321 322 18
322 323 19
323 324 1
324 325 2
325 326 3
326 327 4
327 328 5
328 329 6
329 330 7
330 331 8
331 332 9
332 333 10
333 334 11
334 335 12
335 336 13
336 337 14
337 338 15
338 339 16
339 340 17
340 341 18
341 342 19
342 343 1
343 344 2
344 345 3
345 346 4
346 347 5
347 348 6
348 349 7
349 350 8
350 351 9
351 352 10
352 353 11
353 354 12
354 355 13
355 356 14
356 357 15
357 358 16
358 359 17
359 360 18
360 361 19
361 362 1
362 363 2
363 364 3
364 365 4
365 366 5
366 367 6
367 368 7
368 369 8
369 370 9
370 371 10
371 372 11
372 373 12
373 374 13
374 375 14
375 376 15
376 377 16
377 378 17
378 379 18
379 380 19
380 381 1
381 382 2
382 383 3
383 384 4
384 385 5
385 386 6
386 387 7
387 388 8
388 389 9
389 390 10
390 391 11
391 392 12
392 393 13
393 394 14
394 395 15
395 396 16
396 397 17
397 398 18
398 399 19
399 400 1
400 401 2
401 402 3
402 403 4
403 404 5
404 405 6
405 406 7
406 407 8
407 408 9
408 409 10
409 410 11
410 411 12
411 412 13
412 413 14
413 414 15
414 415 16
415 416 17
416 417 18
417 418 19
418 419 1
419 420 2
420 421 3
421 422 4
422 423 5
423 424 6
424 425 7
425 426 8
426 427 9
427 428 10
428 429 11
429 430 12
430 431 13
431 432 14
432 433 15
433 434 16
434 435 17
435 436 18
436 437 19
437 438 1
438 439 2
439 440 3
440 441 4
441 442 5
442 443 6
443 444 7
444 445 8
445 446 9
446 447 10
447 448 11
448 449 12
449 450 13
450 451 14
451 452 15
452 453 16
453 454 17
454 455 18
455 456 19
456 457 1
457 458 2
458 459 3
459 460 4
460 461 5
461 462 6
462 463 7
463 464 8
464 465 9
465 466 10
466 467 11
467 468 12
468 469 13
469 470 14
470 471 15
471 472 16
472 473 17
473 474 18
474 475 19
475 476 1
476 477 2
477 478 3
478 479 4
479 480 5
480 481 6
481 482 7
482 483 8
483 484 9
484 485 10
485 486 11
486 487 12
487 488 13
488 489 14
489 490 15
490 491 16
491 492 17
492 493 18
493 494 19
494 495 1
495 496 2
496 497 3
497 498 4
498 499 5
499 500 6
500 501 7
501 502 8
502 503 9
503 504 10
504 505 11
505 506 12
506 507 13
507 508 14
508 509 15
509 510 16
510 511 17
511 512 18
512 513 19
513 514 1
514 515 2
515 516 3
516 517 4
517 518 5
518 519 6
519 520 7
520 521 8
521 522 9
522 523 10
523 524 11
524 525 12
525 526 13
526 527 14
527 528 15
528 529 16
529 530 17
530 531 18
531 532 19
532 533 1
533 534 2
534 535 3
535 536 4
536 537 5
537 538 6
538 539 7
539 540 8
540 541 9
541 542 10
542 543 11
543 544 12
544 545 13
545 546 14
546 547 15
547 548 16
548 549 17
549 550 18
550 551 19
551 552 1
552 553 2
553 554 3
554 555 4
555 556 5
556 557 6
557 558 7
558 559 8
559 560 9
560 561 10
561 562 11
562 563 12
563 564 13
564 565 14
565 566 15
566 567 16
567 568 17
568 569 18
569 570 19
570 571 1
571 572 2
572 573 3
573 574 4
574 575 5
575 576 6
576 577 7
577 578 8
578 579 9
579 580 10
580 581 11
581 582 12
582 583 13
583 584 14
584 585 15
585 586 16
586 587 17
587 588 18
588 589 19
589 590 1
590 591 2
591 592 3
592 593 4
593 594 5
594 595 6
595 596 7
596 597 8
597 598 9
598 599 10
599 600 11
600 601 12
601 602 13
602 603 14
603 604 15
604 605 16
605 606 17
606 607 18
607 608 19
608 609 1
609 610 2
610 611 3
611 612 4
612 613 5
613 614 6
614 615 7
615 616 8
616 617 9
617 618 10
618 619 11
619 620 12
620 621 13
621 622 14
622 623 15
623 624 16
624 625 17
625 626 18
626 627 19
627 628 1
628 629 2
629 630 3
630 631 4
631 632 5
632 633 6
633 634 7
634 635 8
635 636 9
636 637 10
637 638 11
638 639 12
639 640 13
640 641 14
641 642 15
642 643 16
643 644 17
644 645 18
645 646 19
646 647 1
647 648 2
648 649 3
649 650 4
650 651 5
651 652 6
652 653 7
653 654 8
654 655 9
655 656 10
656 657 11
657 658 12
658 659 13
659 660 14
660 661 15
661 662 16
662 663 17
663 664 18
664 665 19
665 666 1
666 667 2
667 668 3
668 669 4
669 670 5
670 671 6
671 672 7
672 673 8
673 674 9
674 675 10
675 676 11
676 677 12
677 678 13
678 679 14
679 680 15
680 681 16
681 682 17
682 683 18
683 684 19
684 685 1
685 686 2
686 687 3
687 688 4
688 689 5
689 690 6
690 691 7
691 692 8
692 693 9
693 694 10
694 695 11
695 696 12
696 697 13
697 698 14
698 699 15
699 700 16
700 701 17
701 702 18
702 703 19
703 704 1
704 705 2
705 706 3
706 707 4
707 708 5
708 709 6
709 710 7
710 711 8
711 712 9
712 713 10
713 714 11
714 715 12
715 716 13
716 717 14
717 718 15
718 719 16
719 720 17
720 721 18
721 722 19
722 723 1
723 724 2
724 725 3
725 726 4
726 727 5
727 728 6
728 729 7
729 730 8
730 731 9
731 732 10
732 733 11
733 734 12
734 735 13
735 736 14
736 737 15
737 738 16
738 739 17
739 740 18
740 741 19
741 742 1
742 743 2
743 744 3
744 745 4
745 746 5
746 747 6
747 748 7
748 749 8
749 750 9
750 751 10
751 752 11
752 753 12
753 754 13
754 755 14
755 756 15
756 757 16
757 758 17
758 759 18
759 760 19
760 761 1
761 762 2
762 763 3
763 764 4
764 765 5
765 766 6
766 767 7
767 768 8
768 769 9
769 770 10
770 771 11
771 772 12
772 773 13
773 774 14
774 775 15
775 776 16
776 777 17
777 778 18
778 779 19
779 780 1
780 781 2
781 782 3
782 783 4
783 784 5
784 785 6
785 786 7
786 787 8
787 788 9
788 789 10
789 790 11
790 791 12
791 792 13
792 793 14
793 794 15
794 795 16
795 796 17
796 797 18
797 798 19
798 799 1
799 800 2
800 801 3
801 802 4
802 803 5
803 804 6
804 805 7
805 806 8
806 807 9
807 808 10
808 809 11
809 810 12
810 811 13
811 812 14
812 813 15
813 814 16
814 815 17
815 816 18
816 817 19
817 818 1
818 819 2
819 820 3
820 821 4
821 822 5
822 823 6
823 824 7
824 825 8
825 826 9
826 827 10
827 828 11
828 829 12
829 830 13
830 831 14
831 832 15
832 833 16
833 834 17
834 835 18
835 836 19
836 837 1
837 838 2
838 839 3
839 840 4
840 841 5
841 842 6
842 843 7
843 844 8
844 845 9
845 846 10
846 847 11
847 848 12
848 849 13
849 850 14
850 851 15
851 852 16
852 853 17
853 854 18
854 855 19
855 856 1
856 857 2
857 858 3
858 859 4
859 860 5
860 861 6
861 862 7
862 863 8
863 864 9
864 865 10
865 866 11
866 867 12
867 868 13
868 869 14
869 870 15
870 871 16
871 872 17
872 873 18
873 874 19
874 875 1
875 876 2
876 877 3
877 878 4
878 879 5
879 880 6
880 881 7
881 882 8
882 883 9
883 884 10
884 885 11
885 886 12
886 887 13
887 888 14
888 889 15
889 890 16
890 891 17
891 892 18
892 893 19
893 894 1
894 895 2
895 896 3
896 897 4
897 898 5
898 899 6
899 900 7
900 901 8
901 902 9
902 903 10
903 904 11
904 905 12
905 906 13
906 907 14
907 908 15
908 909 16
909 910 17
910 911 18
911 912 19
912 913 1
913 914 2
914 915 3
915 916 4
916 917 5
917 918 6
918 919 7
919 920 8
920 921 9
921 922 10
922 923 11
923 924 12
924 925 13
925 926 14
926 927 15
927 928 16
928 929 17
929 930 18
930 931 19
931 932 1
932 933 2
933 934 3
934 935 4
935 936 5
936 937 6
937 938 7
938 939 8
939 940 9
940 941 10
941 942 11
942 943 12
943 944 13
944 945 14
945 946 15
946 947 16
947 948 17
948 949 18
949 950 19
950 951 1
951 952 2
952 953 3
953 954 4
954 955 5
955 956 6
956 957 7
957 958 8
958 959 9
959 960 10
960 961 11
961 962 12
962 963 13
963 964 14
964 965 15
965 966 16
966 967 17
967 968 18
968 969 19
969 970 1
970 971 2
971 972 3
972 973 4
973 974 5
974 975 6
975 976 7
976 977 8
977 978 9
978 979 10
979 980 11
980 981 12
981 982 13
982 983 14
983 984 15
984 985 16
985 986 17
986 987 18
987 988 19
988 989 1
989 990 2
990 991 3
991 992 4
992 993 5
993 994 6
994 995 7
995 996 8
996 997 9
997 998 10
998 999 11
999 1000 12
1000 1001 13
1001 1002 14
1002 1003 15
