1002 1002
1 2 3 4 5 6 7 8 9 10 11 12 13 14 15 16 17 18 19 20 21 22 23 24 25 26 27 28 29 30 31 32 33 34 35 36 37 38 39 40 41 42 43 44 45 46 47 48 49 50 51 52 53 54 55 56 57 58 59 60 61 62 63 64 65 66 67 68 69 70 71 72 73 74 75 76 77 78 79 80 81 82 83 84 85 86 87 88 89 90 91 92 93 94 95 96 97 1 2 3 4 5 6 7 8 9 10 11 12 13 14 15 16 17 18 19 20 21 22 23 24 25 26 27 28 29 30 31 32 33 34 35 36 37 38 39 40 41 42 43 44 45 46 47 48 49 50 51 52 53 54 55 56 57 58 59 60 61 62 63 64 65 66 67 68 69 70 71 72 73 74 75 76 77 78 79 80 81 82 83 84 85 86 87 88 89 90 91 92 93 94 95 96 97 1 2 3 4 5 6 7 8 9 10 11 12 13 14 15 16 17 18 19 20 21 22 23 24 25 26 27 28 29 30 31 32 33 34 35 36 37 38 39 40 41 42 43 44 45 46 47 48 49 50 51 52 53 54 55 56 57 58 59 60 61 62 63 64 65 66 67 68 69 70 71 72 73 74 75 76 77 78 79 80 81 82 83 84 85 86 87 88 89 90 91 92 93 94 95 96 97 1 2 3 4 5 6 7 8 9 10 11 12 13 14 15 16 17 18 19 20 21 22 23 24 25 26 27 28 29 30 31 32 33 34 35 36 37 38 39 40 41 42 43 44 45 46 47 48 49 50 51 52 53 54 55 56 57 58 59 60 61 62 63 64 65 66 67 68 69 70 71 72 73 74 75 76 77 78 79 80 81 82 83 84 85 86 87 88 89 90 91 92 93 94 95 96 97 1 2 3 4 5 6 7 8 9 10 11 12 13 14 15 16 17 18 19 20 21 22 23 24 25 26 27 28 29 30 31 32 33 34 35 36 37 38 39 40 41 42 43 44 45 46 47 48 49 50 51 52 53 54 55 56 57 58 59 60 61 62 63 64 65 66 67 68 69 70 71 72 73 74 75 76 77 78 79 80 81 82 83 84 85 86 87 88 89 90 91 92 93 94 95 96 97 1 2 3 4 5 6 7 8 9 10 11 12 13 14 15 16 17 18 19 20 21 22 23 24 25 26 27 28 29 30 31 32 33 34 35 36 37 38 39 40 41 42 43 44 45 46 47 48 49 50 51 52 53 54 55 56 57 58 59 60 61 62 63 64 65 66 67 68 69 70 71 72 73 74 75 76 77 78 79 80 81 82 83 84 85 86 87 88 89 90 91 92 93 94 95 96 97 1 2 3 4 5 6 7 8 9 10 11 12 13 14 15 16 17 18 19 20 21 22 23 24 25 26 27 28 29 30 31 32 33 34 35 36 37 38 39 40 41 42 43 44 45 46 47 48 49 50 51 52 53 54 55 56 57 58 59 60 61 62 63 64 65 66 67 68 69 70 71 72 73 74 75 76 77 78 79 80 81 82 83 84 85 86 87 88 89 90 91 92 93 94 95 96 97 1 2 3 4 5 6 7 8 9 10 11 12 13 14 15 16 17 18 19 20 21 22 23 24 25 26 27 28 29 30 31 32 33 34 35 36 37 38 39 40 41 42 43 44 45 46 47 48 49 50 51 52 53 54 55 56 57 58 59 60 61 62 63 64 65 66 67 68 69 70 71 72 73 74 75 76 77 78 79 80 81 82 83 84 85 86 87 88 89 90 91 92 93 94 95 96 97 1 2 3 4 5 6 7 8 9 10 11 12 13 14 15 16 17 18 19 20 21 22 23 24 25 26 27 28 29 30 31 32 33 34 35 36 37 38 39 40 41 42 43 44 45 46 47 48 49 50 51 52 53 54 55 56 57 58 59 60 61 62 63 64 65 66 67 68 69 70 71 72 73 74 75 76 77 78 79 80 81 82 83 84 85 86 87 88 89 90 91 92 93 94 95 96 97 1 2 3 4 5 6 7 8 9 10 11 12 13 14 15 16 17 18 19 20 21 22 23 24 25 26 27 28 29 30 31 32 33 34 35 36 37 38 39 40 41 42 43 44 45 46 47 48 49 50 51 52 53 54 55 56 57 58 59 60 61 62 63 64 65 66 67 68 69 70 71 72 73 74 75 76 77 78 79 80 81 82 83 84 85 86 87 88 89 90 91 92 93 94 95 96 97 1 2 3 4 5 6 7 8 9 10 11 12 13 14 15 16 17 18 19 20 21 22 23 24 25 26 27 28 29 30 31 32
1 8 15 22 29 36 43 50 57 64 71 78 85 92 2 9 16 23 30 37 44 51 58 65 72 79 86 93 3 10 17 24 31 38 45 52 59 66 73 80 87 94 4 11 18 25 32 39 46 53 60 67 74 81 88 95 5 12 19 26 33 40 47 54 61 68 75 82 89 96 6 13 20 27 34 41 48 55 62 69 76 83 90 97 7 14 21 28 35 42 49 56 63 70 77 84 91 1 8 15 22 29 36 43 50 57 64 71 78 85 92 2 9 16 23 30 37 44 51 58 65 72 79 86 93 3 10 17 24 31 38 45 52 59 66 73 80 87 94 4 11 18 25 32 39 46 53 60 67 74 81 88 95 5 12 19 26 33 40 47 54 61 68 75 82 89 96 6 13 20 27 34 41 48 55 62 69 76 83 90 97 7 14 21 28 35 42 49 56 63 70 77 84 91 1 8 15 22 29 36 43 50 57 64 71 78 85 92 2 9 16 23 30 37 44 51 58 65 72 79 86 93 3 10 17 24 31 38 45 52 59 66 73 80 87 94 4 11 18 25 32 39 46 53 60 67 74 81 88 95 5 12 19 26 33 40 47 54 61 68 75 82 89 96 6 13 20 27 34 41 48 55 62 69 76 83 90 97 7 14 21 28 35 42 49 56 63 70 77 84 91 1 8 15 22 29 36 43 50 57 64 71 78 85 92 2 9 16 23 30 37 44 51 58 65 72 79 86 93 3 10 17 24 31 38 45 52 59 66 73 80 87 94 4 11 18 25 32 39 46 53 60 67 74 81 88 95 5 12 19 26 33 40 47 54 61 68 75 82 89 96 6 13 20 27 34 41 48 55 62 69 76 83 90 97 7 14 21 28 35 42 49 56 63 70 77 84 91 1 8 15 22 29 36 43 50 57 64 71 78 85 92 2 9 16 23 30 37 44 51 58 65 72 79 86 93 3 10 17 24 31 38 45 52 59 66 73 80 87 94 4 11 18 25 32 39 46 53 60 67 74 81 88 95 5 12 19 26 33 40 47 54 61 68 75 82 89 96 6 13 20 27 34 41 48 55 62 69 76 83 90 97 7 14 21 28 35 42 49 56 63 70 77 84 91 1 8 15 22 29 36 43 50 57 64 71 78 85 92 2 9 16 23 30 37 44 51 58 65 72 79 86 93 3 10 17 24 31 38 45 52 59 66 73 80 87 94 4 11 18 25 32 39 46 53 60 67 74 81 88 95 5 12 19 26 33 40 47 54 61 68 75 82 89 96 6 13 20 27 34 41 48 55 62 69 76 83 90 97 7 14 21 28 35 42 49 56 63 70 77 84 91 1 8 15 22 29 36 43 50 57 64 71 78 85 92 2 9 16 23 30 37 44 51 58 65 72 79 86 93 3 10 17 24 31 38 45 52 59 66 73 80 87 94 4 11 18 25 32 39 46 53 60 67 74 81 88 95 5 12 19 26 33 40 47 54 61 68 75 82 89 96 6 13 20 27 34 41 48 55 62 69 76 83 90 97 7 14 21 28 35 42 49 56 63 70 77 84 91 1 8 15 22 29 36 43 50 57 64 71 78 85 92 2 9 16 23 30 37 44 51 58 65 72 79 86 93 3 10 17 24 31 38 45 52 59 66 73 80 87 94 4 11 18 25 32 39 46 53 60 67 74 81 88 95 5 12 19 26 33 40 47 54 61 68 75 82 89 96 6 13 20 27 34 41 48 55 62 69 76 83 90 97 7 14 21 28 35 42 49 56 63 70 77 84 91 1 8 15 22 29 36 43 50 57 64 71 78 85 92 2 9 16 23 30 37 44 51 58 65 72 79 86 93 3 10 17 24 31 38 45 52 59 66 73 80 87 94 4 11 18 25 32 39 46 53 60 67 74 81 88 95 5 12 19 26 33 40 47 54 61 68 75 82 89 96 6 13 20 27 34 41 48 55 62 69 76 83 90 97 7 14 21 28 35 42 49 56 63 70 77 84 91 1 8 15 22 29 36 43 50 57 64 71 78 85 92 2 9 16 23 30 37 44 51 58 65 72 79 86 93 3 10 17 24 31 38 45 52 59 66 73 80 87 94 4 11 18 25 32 39 46 53 60 67 74 81 88 95 5 12 19 26 33 40 47 54 61 68 75 82 89 96 6 13 20 27 34 41 48 55 62 69 76 83 90 97 7 14 21 28 35 42 49 56 63 70 77 84 91 1 8 15 22 29 36 43 50 57 64 71 78 85 92 2 9 16 23 30 37 44 51 58 65 72 79 86 93 3 10 17 24
1 20 1 20
2 21 2 21
3 22 3 22
4 23 4 23
5 24 5 24
6 25 6 25
7 26 7 26
8 27 8 27
9 28 9 28
10 29 10 29
11 30 11 30
12 31 12 31
13 32 13 32
14 33 14 33
15 34 15 34
16 35 16 35
17 36 17 36
18 37 18 37
19 38 19 38
20 39 20 39
21 40 21 40
22 41 22 41
23 42 23 42
24 43 24 43
25 44 25 44
26 45 26 45
27 46 27 46
28 47 28 47
29 48 29 48
30 49 30 49
31 50 31 50
32 51 32 51
33 52 33 52
34 53 34 53
35 54 35 54
36 55 36 55
37 56 37 56
38 57 38 57
39 58 39 58
40 59 40 59
41 60 41 60
42 61 42 61
43 62 43 62
44 63 44 63
45 64 45 64
46 65 46 65
47 66 47 66
48 67 48 67
49 68 49 68
50 69 50 69
51 70 51 70
52 71 52 71
53 72 53 72
54 73 54 73
55 74 55 74
56 75 56 75
57 76 57 76
58 77 58 77
59 78 59 78
60 79 60 79
61 80 61 80
62 81 62 81
63 82 63 82
64 83 64 83
65 84 65 84
66 85 66 85
67 86 67 86
68 87 68 87
69 88 69 88
70 89 70 89
71 90 71 90
72 91 72 91
73 92 73 92
74 93 74 93
75 94 75 94
76 95 76 95
77 96 77 96
78 97 78 97
79 98 79 98
80 99 80 99
81 100 81 100
82 101 82 101
83 102 83 102
84 103 84 103
85 104 85 104
86 105 86 105
87 106 87 106
88 107 88 107
89 108 89 108
90 109 90 109
91 110 91 110
92 111 92 111
93 112 93 112
94 113 94 113
95 114 95 114
96 115 96 115
97 116 97 116
98 117 98 117
99 118 99 118
100 119 100 119
101 120 101 120
102 121 102 121
103 122 103 122
104 123 104 123
105 124 105 124
106 125 106 125
107 126 107 126
108 127 108 127
109 128 109 128
110 129 110 129
111 130 111 130
112 131 112 131
113 132 113 132
114 133 114 133
115 134 115 134
116 135 116 135
117 136 117 136
118 137 118 137
119 138 119 138
120 139 120 139
121 140 121 140
122 141 122 141
123 142 123 142
124 143 124 143
125 144 125 144
126 145 126 145
127 146 127 146
128 147 128 147
129 148 129 148
130 149 130 149
131 150 131 150
132 151 132 151
133 152 133 152
134 153 134 153
135 154 135 154
136 155 136 155
137 156 137 156
138 157 138 157
139 158 139 158
140 159 140 159
141 160 141 160
142 161 142 161
143 162 143 162
144 163 144 163
145 164 145 164
146 165 146 165
147 166 147 166
148 167 148 167
149 168 149 168
150 169 150 169
151 170 151 170
152 171 152 171
153 172 153 172
154 173 154 173
155 174 155 174
156 175 156 175
157 176 157 176
158 177 158 177
159 178 159 178
160 179 160 179
161 180 161 180
162 181 162 181
163 182 163 182
164 183 164 183
165 184 165 184
166 185 166 185
167 186 167 186
168 187 168 187
169 188 169 188
170 189 170 189
171 190 171 190
172 191 172 191
173 192 173 192
174 193 174 193
175 194 175 194
176 195 176 195
177 196 177 196
178 197 178 197
179 198 179 198
180 199 180 199
181 200 181 200
182 201 182 201
183 202 183 202
184 203 184 203
185 204 185 204
186 205 186 205
187 206 187 206
188 207 188 207
189 208 189 208
190 209 190 209
191 210 191 210
192 211 192 211
193 212 193 212
194 213 194 213
195 214 195 214
196 215 196 215
197 216 197 216
198 217 198 217
199 218 199 218
200 219 200 219
201 220 201 220
202 221 202 221
203 222 203 222
204 223 204 223
205 224 205 224
206 225 206 225
207 226 207 226
208 227 208 227
209 228 209 228
210 229 210 229
211 230 211 230
212 231 212 231
213 232 213 232
214 233 214 233
215 234 215 234
216 235 216 235
217 236 217 236
218 237 218 237
219 238 219 238
220 239 220 239
221 240 221 240
222 241 222 241
223 242 223 242
224 243 224 243
225 244 225 244
226 245 226 245
227 246 227 246
228 247 228 247
229 248 229 248
230 249 230 249
231 250 231 250
232 251 232 251
233 252 233 252
234 253 234 253
235 254 235 254
236 255 236 255
237 256 237 256
238 257 238 257
239 258 239 258
240 259 240 259
241 260 241 260
242 261 242 261
243 262 243 262
244 263 244 263
245 264 245 264
246 265 246 265
247 266 247 266
248 267 248 267
249 268 249 268
250 269 250 269
251 270 251 270
252 271 252 271
253 272 253 272
254 273 254 273
255 274 255 274
256 275 256 275
257 276 257 276
258 277 258 277
259 278 259 278
260 279 260 279
261 280 261 280
262 281 262 281
263 282 263 282
264 283 264 283
265 284 265 284
266 285 266 285
267 286 267 286
268 287 268 287
269 288 269 288
270 289 270 289
271 290 271 290
272 291 272 291
273 292 273 292
274 293 274 293
275 294 275 294
276 295 276 295
277 296 277 296
278 297 278 297
279 298 279 298
280 299 280 299
281 300 281 300
282 301 282 301
283 302 283 302
284 303 284 303
285 304 285 304
286 305 286 305
287 306 287 306
288 307 288 307
289 308 289 308
290 309 290 309
291 310 291 310
292 311 292 311
293 312 293 312
294 313 294 313
295 314 295 314
296 315 296 315
297 316 297 316
298 317 298 317
299 318 299 318
300 319 300 319
301 320 301 320
302 321 302 321
303 322 303 322
304 323 304 323
305 324 305 324
306 325 306 325
307 326 307 326
308 327 308 327
309 328 309 328
310 329 310 329
311 330 311 330
312 331 312 331
313 332 313 332
314 333 314 333
315 334 315 334
316 335 316 335
317 336 317 336
318 337 318 337
319 338 319 338
320 339 320 339
321 340 321 340
322 341 322 341
323 342 323 342
324 343 324 343
325 344 325 344
326 345 326 345
327 346 327 346
328 347 328 347
329 348 329 348
330 349 330 349
331 350 331 350
332 351 332 351
333 352 333 352
334 353 334 353
335 354 335 354
336 355 336 355
337 356 337 356
338 357 338 357
339 358 339 358
340 359 340 359
341 360 341 360
342 361 342 361
343 362 343 362
344 363 344 363
345 364 345 364
346 365 346 365
347 366 347 366
348 367 348 367
349 368 349 368
350 369 350 369
351 370 351 370
352 371 352 371
353 372 353 372
354 373 354 373
355 374 355 374
356 375 356 375
357 376 357 376
358 377 358 377
359 378 359 378
360 379 360 379
361 380 361 380
362 381 362 381
363 382 363 382
364 383 364 383
365 384 365 384
366 385 366 385
367 386 367 386
368 387 368 387
369 388 369 388
370 389 370 389
371 390 371 390
372 391 372 391
373 392 373 392
374 393 374 393
375 394 375 394
376 395 376 395
377 396 377 396
378 397 378 397
379 398 379 398
380 399 380 399
381 400 381 400
382 401 382 401
383 402 383 402
384 403 384 403
385 404 385 404
386 405 386 405
387 406 387 406
388 407 388 407
389 408 389 408
390 409 390 409
391 410 391 410
392 411 392 411
393 412 393 412
394 413 394 413
395 414 395 414
396 415 396 415
397 416 397 416
398 417 398 417
399 418 399 418
400 419 400 419
401 420 401 420
402 421 402 421
403 422 403 422
404 423 404 423
405 424 405 424
406 425 406 425
407 426 407 426
408 427 408 427
409 428 409 428
410 429 410 429
411 430 411 430
412 431 412 431
413 432 413 432
414 433 414 433
415 434 415 434
416 435 416 435
417 436 417 436
418 437 418 437
419 438 419 438
420 439 420 439
421 440 421 440
422 441 422 441
423 442 423 442
424 443 424 443
425 444 425 444
426 445 426 445
427 446 427 446
428 447 428 447
429 448 429 448
430 449 430 449
431 450 431 450
432 451 432 451
433 452 433 452
434 453 434 453
435 454 435 454
436 455 436 455
437 456 437 456
438 457 438 457
439 458 439 458
440 459 440 459
441 460 441 460
442 461 442 461
443 462 443 462
444 463 444 463
445 464 445 464
446 465 446 465
447 466 447 466
448 467 448 467
449 468 449 468
450 469 450 469
451 470 451 470
452 471 452 471
453 472 453 472
454 473 454 473
455 474 455 474
456 475 456 475
457 476 457 476
458 477 458 477
459 478 459 478
460 479 460 479
461 480 461 480
462 481 462 481
463 482 463 482
464 483 464 483
465 484 465 484
466 485 466 485
467 486 467 486
468 487 468 487
469 488 469 488
470 489 470 489
471 490 471 490
472 491 472 491
473 492 473 492
474 493 474 493
475 494 475 494
476 495 476 495
477 496 477 496
478 497 478 497
479 498 479 498
480 499 480 499
481 500 481 500
482 501 482 501
483 502 483 502
484 503 484 503
485 504 485 504
486 505 486 505
487 506 487 506
488 507 488 507
489 508 489 508
490 509 490 509
491 510 491 510
492 511 492 511
493 512 493 512
494 513 494 513
495 514 495 514
496 515 496 515
497 516 497 516
498 517 498 517
499 518 499 518
500 519 500 519
501 520 501 520
502 521 502 521
503 522 503 522
504 523 504 523
505 524 505 524
506 525 506 525
507 526 507 526
508 527 508 527
509 528 509 528
510 529 510 529
511 530 511 530
512 531 512 531
513 532 513 532
514 533 514 533
515 534 515 534
516 535 516 535
517 536 517 536
518 537 518 537
519 538 519 538
520 539 520 539
521 540 521 540
522 541 522 541
523 542 523 542
524 543 524 543
525 544 525 544
526 545 526 545
527 546 527 546
528 547 528 547
529 548 529 548
530 549 530 549
531 550 531 550
532 551 532 551
533 552 533 552
534 553 534 553
535 554 535 554
536 555 536 555
537 556 537 556
538 557 538 557
539 558 539 558
540 559 540 559
541 560 541 560
542 561 542 561
543 562 543 562
544 563 544 563
545 564 545 564
546 565 546 565
547 566 547 566
548 567 548 567
549 568 549 568
550 569 550 569
551 570 551 570
552 571 552 571
553 572 553 572
554 573 554 573
555 574 555 574
556 575 556 575
557 576 557 576
558 577 558 577
559 578 559 578
560 579 560 579
561 580 561 580
562 581 562 581
563 582 563 582
564 583 564 583
565 584 565 584
566 585 566 585
567 586 567 586
568 587 568 587
569 588 569 588
570 589 570 589
571 590 571 590
572 591 572 591
573 592 573 592
574 593 574 593
575 594 575 594
576 595 576 595
577 596 577 596
578 597 578 597
579 598 579 598
580 599 580 599
581 600 581 600
582 601 582 601
583 602 583 602
584 603 584 603
585 604 585 604
586 605 586 605
587 606 587 606
588 607 588 607
589 608 589 608
590 609 590 609
591 610 591 610
592 611 592 611
593 612 593 612
594 613 594 613
595 614 595 614
596 615 596 615
597 616 597 616
598 617 598 617
599 618 599 618
600 619 600 619
601 620 601 620
602 621 602 621
603 622 603 622
604 623 604 623
605 624 605 624
606 625 606 625
607 626 607 626
608 627 608 627
609 628 609 628
610 629 610 629
611 630 611 630
612 631 612 631
613 632 613 632
614 633 614 633
615 634 615 634
616 635 616 635
617 636 617 636
618 637 618 637
619 638 619 638
620 639 620 639
621 640 621 640
622 641 622 641
623 642 623 642
624 643 624 643
625 644 625 644
626 645 626 645
627 646 627 646
628 647 628 647
629 648 629 648
630 649 630 649
631 650 631 650
632 651 632 651
633 652 633 652
634 653 634 653
635 654 635 654
636 655 636 655
637 656 637 656
638 657 638 657
639 658 639 658
640 659 640 659
641 660 641 660
642 661 642 661
643 662 643 662
644 663 644 663
645 664 645 664
646 665 646 665
647 666 647 666
648 667 648 667
649 668 649 668
650 669 650 669
651 670 651 670
652 671 652 671
653 672 653 672
654 673 654 673
655 674 655 674
656 675 656 675
657 676 657 676
658 677 658 677
659 678 659 678
660 679 660 679
661 680 661 680
662 681 662 681
663 682 663 682
664 683 664 683
665 684 665 684
666 685 666 685
667 686 667 686
668 687 668 687
669 688 669 688
670 689 670 689
671 690 671 690
672 691 672 691
673 692 673 692
674 693 674 693
675 694 675 694
676 695 676 695
677 696 677 696
678 697 678 697
679 698 679 698
680 699 680 699
681 700 681 700
682 701 682 701
683 702 683 702
684 703 684 703
685 704 685 704
686 705 686 705
687 706 687 706
688 707 688 707
689 708 689 708
690 709 690 709
691 710 691 710
692 711 692 711
693 712 693 712
694 713 694 713
695 714 695 714
696 715 696 715
697 716 697 716
698 717 698 717
699 718 699 718
700 719 700 719
701 720 701 720
702 721 702 721
703 722 703 722
704 723 704 723
705 724 705 724
706 725 706 725
707 726 707 726
708 727 708 727
709 728 709 728
710 729 710 729
711 730 711 730
712 731 712 731
713 732 713 732
714 733 714 733
715 734 715 734
716 735 716 735
717 736 717 736
718 737 718 737
719 738 719 738
720 739 720 739
721 740 721 740
722 741 722 741
723 742 723 742
724 743 724 743
725 744 725 744
726 745 726 745
727 746 727 746
728 747 728 747
729 748 729 748
730 749 730 749
731 750 731 750
732 751 732 751
733 752 733 752
734 753 734 753
735 754 735 754
736 755 736 755
737 756 737 756
738 757 738 757
739 758 739 758
740 759 740 759
741 760 741 760
742 761 742 761
743 762 743 762
744 763 744 763
745 764 745 764
746 765 746 765
747 766 747 766
748 767 748 767
749 768 749 768
750 769 750 769
751 770 751 770
752 771 752 771
753 772 753 772
754 773 754 773
755 774 755 774
756 775 756 775
757 776 757 776
758 777 758 777
759 778 759 778
760 779 760 779
761 780 761 780
762 781 762 781
763 782 763 782
764 783 764 783
765 784 765 784
766 785 766 785
767 786 767 786
768 787 768 787
769 788 769 788
770 789 770 789
771 790 771 790
772 791 772 791
773 792 773 792
774 793 774 793
775 794 775 794
776 795 776 795
777 796 777 796
778 797 778 797
779 798 779 798
780 799 780 799
781 800 781 800
782 801 782 801
783 802 783 802
784 803 784 803
785 804 785 804
786 805 786 805
787 806 787 806
788 807 788 807
789 808 789 808
790 809 790 809
791 810 791 810
792 811 792 811
793 812 793 812
794 813 794 813
795 814 795 814
796 815 796 815
797 816 797 816
798 817 798 817
799 818 799 818
800 819 800 819
801 820 801 820
802 821 802 821
803 822 803 822
804 823 804 823
805 824 805 824
806 825 806 825
807 826 807 826
808 827 808 827
809 828 809 828
810 829 810 829
811 830 811 830
812 831 812 831
813 832 813 832
814 833 814 833
815 834 815 834
816 835 816 835
817 836 817 836
818 837 818 837
819 838 819 838
820 839 820 839
821 840 821 840
822 841 822 841
823 842 823 842
824 843 824 843
825 844 825 844
826 845 826 845
827 846 827 846
828 847 828 847
829 848 829 848
830 849 830 849
831 850 831 850
832 851 832 851
833 852 833 852
834 853 834 853
835 854 835 854
836 855 836 855
837 856 837 856
838 857 838 857
839 858 839 858
840 859 840 859
841 860 841 860
842 861 842 861
843 862 843 862
844 863 844 863
845 864 845 864
846 865 846 865
847 866 847 866
848 867 848 867
849 868 849 868
850 869 850 869
851 870 851 870
852 871 852 871
853 872 853 872
854 873 854 873
855 874 855 874
856 875 856 875
857 876 857 876
858 877 858 877
859 878 859 878
860 879 860 879
861 880 861 880
862 881 862 881
863 882 863 882
864 883 864 883
865 884 865 884
866 885 866 885
867 886 867 886
868 887 868 887
869 888 869 888
870 889 870 889
871 890 871 890
872 891 872 891
873 892 873 892
874 893 874 893
875 894 875 894
876 895 876 895
877 896 877 896
878 897 878 897
879 898 879 898
880 899 880 899
881 900 881 900
882 901 882 901
883 902 883 902
884 903 884 903
885 904 885 904
886 905 886 905
887 906 887 906
888 907 888 907
889 908 889 908
890 909 890 909
891 910 891 910
892 911 892 911
893 912 893 912
894 913 894 913
895 914 895 914
896 915 896 915
897 916 897 916
898 917 898 917
899 918 899 918
900 919 900 919
901 920 901 920
902 921 902 921
903 922 903 922
904 923 904 923
905 924 905 924
906 925 906 925
907 926 907 926
908 927 908 927
909 928 909 928
910 929 910 929
911 930 911 930
912 931 912 931
913 932 913 932
914 933 914 933
915 934 915 934
916 935 916 935
917 936 917 936
918 937 918 937
919 938 919 938
920 939 920 939
921 940 921 940
922 941 922 941
923 942 923 942
924 943 924 943
925 944 925 944
926 945 926 945
927 946 927 946
928 947 928 947
929 948 929 948
930 949 930 949
931 950 931 950
932 951 932 951
933 952 933 952
934 953 934 953
935 954 935 954
936 955 936 955
937 956 937 956
938 957 938 957
939 958 939 958
940 959 940 959
941 960 941 960
942 961 942 961
943 962 943 962
944 963 944 963
945 964 945 964
946 965 946 965
947 966 947 966
948 967 948 967
949 968 949 968
950 969 950 969
951 970 951 970
952 971 952 971
953 972 953 972
954 973 954 973
955 974 955 974
956 975 956 975
957 976 957 976
958 977 958 977
959 978 959 978
960 979 960 979
961 980 961 980
962 981 962 981
963 982 963 982
964 983 964 983
965 984 965 984
966 985 966 985
967 986 967 986
968 987 968 987
969 988 969 988
970 989 970 989
971 990 971 990
972 991 972 991
973 992 973 992
974 993 974 993
975 994 975 994
976 995 976 995
977 996 977 996
978 997 978 997
979 998 979 998
980 999 980 999
981 1000 981 1000
982 1001 982 1001
983 1002 983 1002
984 1002 984 1002
985 1002 985 1002
986 1002 986 1002
987 1002 987 1002
988 1002 988 1002
989 1002 989 1002
990 1002 990 1002
991 1002 991 1002
992 1002 992 1002
993 1002 993 1002
994 1002 994 1002
995 1002 995 1002
996 1002 996 1002
997 1002 997 1002
998 1002 998 1002
999 1002 999 1002
1000 1002 1000 1002
1001 1002 1001 1002
1002 1002 1002 1002
