340
680
1020
1360
1700
2040
2380
2720
3060
3400
3740
4080
4420
4760
5100
5440
5780
6120
6460
6800
7140
7480
7820
8160
8500
8840
9180
9520
9860
10200
10540
10880
11220
11560
11900
12240
12580
12920
13260
13600
13940
14280
14620
14960
15300
15640
15980
16320
16660
17000
17340
17680
18020
18360
18700
19040
19380
19720
20060
20400
20740
21080
21420
21760
22100
22440
22780
23120
23460
23800
24140
24480
24820
25160
25500
25840
26180
26520
26860
27200
27540
27880
28220
28560
28900
29240
29580
29920
30260
30600
30940
31280
31620
31960
32300
32640
32980
33320
33660
34000
34340
34680
35020
35360
35700
36040
36380
36720
37060
37400
37740
38080
38420
38760
39100
39440
39780
40120
40460
40800
41140
41480
41820
42160
42500
42840
43180
43520
43860
44200
44540
44880
45220
45560
45900
46240
46580
46920
47260
47600
47940
48280
48620
48960
49300
49640
49980
50320
50660
51000
51340
51680
52020
52360
52700
53040
53380
53720
54060
54400
54740
55080
55420
55760
56100
56440
56780
57120
57460
57800
58140
58480
58820
59160
59500
59840
60180
60520
60860
61200
61540
61880
62220
62560
62900
63240
63580
63920
64260
64600
64940
65280
65620
65960
66300
66640
66980
67320
67660
68000
68340
68680
69020
69360
69700
70040
70380
70720
71060
71400
71740
72080
72420
72760
73100
73440
73780
74120
74460
74800
75140
75480
75820
76160
76500
76840
77180
77520
77860
78200
78540
78880
79220
79560
79900
80240
80580
80920
81260
81600
81940
82280
82620
82960
83300
83640
83980
84320
84660
85000
85340
85680
86020
86360
86700
87040
87380
87720
88060
88400
88740
89080
89420
89760
90100
90440
90780
91120
91460
91800
92140
92480
92820
93160
93500
93840
94180
94520
94860
95200
95540
95880
96220
96560
96900
97240
97580
97920
98260
98600
98940
99280
99620
99960
100300
100640
100980
101320
101660
102000
102340
102680
103020
103360
103700
104040
104380
104720
105060
105400
105740
106080
106420
106760
107100
107440
107780
108120
108460
108800
109140
109480
109820
110160
110500
110840
111180
111520
111860
112200
112540
112880
113220
113560
113900
114240
114580
114920
115260
115600
115940
116280
116620
116960
117300
117640
117980
118320
118660
119000
119340
119680
120020
120360
120700
121040
121380
121720
122060
122400
122740
123080
123420
123760
124100
124440
124780
125120
125460
125800
126140
126480
126820
127160
127500
127840
128180
128520
128860
129200
129540
129880
130220
130560
130900
131240
131580
131920
132260
132600
132940
133280
133620
133960
134300
134640
134980
135320
135660
136000
136340
136680
137020
137360
137700
138040
138380
138720
139060
139400
139740
140080
140420
140760
141100
141440
141780
142120
142460
142800
143140
143480
143820
144160
144500
144840
145180
145520
145860
146200
146540
146880
147220
147560
147900
148240
148580
148920
149260
149600
149940
150280
150620
150960
151300
151640
151980
152320
152660
153000
153340
153680
154020
154360
154700
155040
155380
155720
156060
156400
156740
157080
157420
157760
158100
158440
158780
159120
159460
159800
160140
160480
160820
161160
161500
161840
162180
162520
162860
163200
163540
163880
164220
164560
164900
165240
165580
165920
166260
166600
166940
167280
167620
167960
168300
168640
168980
169320
169660
170000
170340
170680
171020
171360
171700
172040
172380
172720
173060
173400
173740
174080
174420
174760
175100
175440
175780
176120
176460
176800
177140
177480
177820
178160
178500
178840
179180
179520
179860
180200
180540
180880
181220
181560
181900
182240
182580
182920
183260
183600
183940
184280
184620
184960
185300
185640
185980
186320
186660
187000
187340
187680
188020
188360
188700
189040
189380
189720
190060
190400
190740
191080
191420
191760
192100
192440
192780
193120
193460
193800
194140
194480
194820
195160
195500
195840
196180
196520
196860
197200
197540
197880
198220
198560
198900
199240
199580
199920
200260
200600
200940
201280
201620
201960
202300
202640
202980
203320
203660
204000
204340
204680
205020
205360
205700
206040
206380
206720
207060
207400
207740
208080
208420
208760
209100
209440
209780
210120
210460
210800
211140
211480
211820
212160
212500
212840
213180
213520
213860
214200
214540
214880
215220
215560
215900
216240
216580
216920
217260
217600
217940
218280
218620
218960
219300
219640
219980
220320
220660
221000
221340
221680
222020
222360
222700
223040
223380
223720
224060
224400
224740
225080
225420
225760
226100
226440
226780
227120
227460
227800
228140
228480
228820
229160
229500
229840
230180
230520
230860
231200
231540
231880
232220
232560
232900
233240
233580
233920
234260
234600
234940
235280
235620
235960
236300
236640
236980
237320
237660
238000
238340
238680
239020
239360
239700
240040
240380
240720
241060
241400
241740
242080
242420
242760
243100
243440
243780
244120
244460
244800
245140
245480
245820
246160
246500
246840
247180
247520
247860
248200
248540
248880
249220
249560
249900
250240
250580
250920
251260
251600
251940
252280
252620
252960
253300
253640
253980
254320
254660
255000
255340
255680
256020
256360
256700
257040
257380
257720
258060
258400
258740
259080
259420
259760
260100
260440
260780
261120
261460
261800
262140
262480
262820
263160
263500
263840
264180
264520
264860
265200
265540
265880
266220
266560
266900
267240
267580
267920
268260
268600
268940
269280
269620
269960
270300
270640
270980
271320
271660
272000
272340
272680
273020
273360
273700
274040
274380
274720
275060
275400
275740
276080
276420
276760
277100
277440
277780
278120
278460
278800
279140
279480
279820
280160
280500
280840
281180
281520
281860
282200
282540
282880
283220
283560
283900
284240
284580
284920
285260
285600
285940
286280
286620
286960
287300
287640
287980
288320
288660
289000
289340
289680
290020
290360
290700
291040
291380
291720
292060
292400
292740
293080
293420
293760
294100
294440
294780
295120
295460
295800
296140
296480
296820
297160
297500
297840
298180
298520
298860
299200
299540
299880
300220
300560
300900
301240
301580
301920
302260
302600
302940
303280
303620
303960
304300
304640
304980
305320
305660
306000
306340
306680
307020
307360
307700
308040
308380
308720
309060
309400
309740
310080
310420
310760
311100
311440
311780
312120
312460
312800
313140
313480
313820
314160
314500
314840
315180
315520
315860
316200
316540
316880
317220
317560
317900
318240
318580
318920
319260
319600
319940
320280
320620
320960
321300
321640
321980
322320
322660
323000
323340
323680
324020
324360
324700
325040
325380
325720
326060
326400
326740
327080
327420
327760
328100
328440
328780
329120
329460
329800
330140
330480
330820
331160
331500
331840
332180
332520
332860
333200
333540
333880
334220
334560
334900
335240
335580
335920
336260
336600
336940
337280
337620
337960
338300
338640
338980
339320
339660
340000
