1057
1 2
2 34
2 35
2 36
2 37
2 38
2 39
2 40
2 41
2 42
2 43
2 44
2 45
2 46
2 47
2 48
2 49
2 50
2 51
2 52
2 53
2 54
2 55
2 56
2 57
2 58
2 59
2 60
2 61
2 62
2 63
2 64
2 65
1 3
3 66
3 67
3 68
3 69
3 70
3 71
3 72
3 73
3 74
3 75
3 76
3 77
3 78
3 79
3 80
3 81
3 82
3 83
3 84
3 85
3 86
3 87
3 88
3 89
3 90
3 91
3 92
3 93
3 94
3 95
3 96
3 97
1 4
4 98
4 99
4 100
4 101
4 102
4 103
4 104
4 105
4 106
4 107
4 108
4 109
4 110
4 111
4 112
4 113
4 114
4 115
4 116
4 117
4 118
4 119
4 120
4 121
4 122
4 123
4 124
4 125
4 126
4 127
4 128
4 129
1 5
5 130
5 131
5 132
5 133
5 134
5 135
5 136
5 137
5 138
5 139
5 140
5 141
5 142
5 143
5 144
5 145
5 146
5 147
5 148
5 149
5 150
5 151
5 152
5 153
5 154
5 155
5 156
5 157
5 158
5 159
5 160
5 161
1 6
6 162
6 163
6 164
6 165
6 166
6 167
6 168
6 169
6 170
6 171
6 172
6 173
6 174
6 175
6 176
6 177
6 178
6 179
6 180
6 181
6 182
6 183
6 184
6 185
6 186
6 187
6 188
6 189
6 190
6 191
6 192
6 193
1 7
7 194
7 195
7 196
7 197
7 198
7 199
7 200
7 201
7 202
7 203
7 204
7 205
7 206
7 207
7 208
7 209
7 210
7 211
7 212
7 213
7 214
7 215
7 216
7 217
7 218
7 219
7 220
7 221
7 222
7 223
7 224
7 225
1 8
8 226
8 227
8 228
8 229
8 230
8 231
8 232
8 233
8 234
8 235
8 236
8 237
8 238
8 239
8 240
8 241
8 242
8 243
8 244
8 245
8 246
8 247
8 248
8 249
8 250
8 251
8 252
8 253
8 254
8 255
8 256
8 257
1 9
9 258
9 259
9 260
9 261
9 262
9 263
9 264
9 265
9 266
9 267
9 268
9 269
9 270
9 271
9 272
9 273
9 274
9 275
9 276
9 277
9 278
9 279
9 280
9 281
9 282
9 283
9 284
9 285
9 286
9 287
9 288
9 289
1 10
10 290
10 291
10 292
10 293
10 294
10 295
10 296
10 297
10 298
10 299
10 300
10 301
10 302
10 303
10 304
10 305
10 306
10 307
10 308
10 309
10 310
10 311
10 312
10 313
10 314
10 315
10 316
10 317
10 318
10 319
10 320
10 321
1 11
11 322
11 323
11 324
11 325
11 326
11 327
11 328
11 329
11 330
11 331
11 332
11 333
11 334
11 335
11 336
11 337
11 338
11 339
11 340
11 341
11 342
11 343
11 344
11 345
11 346
11 347
11 348
11 349
11 350
11 351
11 352
11 353
1 12
12 354
12 355
12 356
12 357
12 358
12 359
12 360
12 361
12 362
12 363
12 364
12 365
12 366
12 367
12 368
12 369
12 370
12 371
12 372
12 373
12 374
12 375
12 376
12 377
12 378
12 379
12 380
12 381
12 382
12 383
12 384
12 385
1 13
13 386
13 387
13 388
13 389
13 390
13 391
13 392
13 393
13 394
13 395
13 396
13 397
13 398
13 399
13 400
13 401
13 402
13 403
13 404
13 405
13 406
13 407
13 408
13 409
13 410
13 411
13 412
13 413
13 414
13 415
13 416
13 417
1 14
14 418
14 419
14 420
14 421
14 422
14 423
14 424
14 425
14 426
14 427
14 428
14 429
14 430
14 431
14 432
14 433
14 434
14 435
14 436
14 437
14 438
14 439
14 440
14 441
14 442
14 443
14 444
14 445
14 446
14 447
14 448
14 449
1 15
15 450
15 451
15 452
15 453
15 454
15 455
15 456
15 457
15 458
15 459
15 460
15 461
15 462
15 463
15 464
15 465
15 466
15 467
15 468
15 469
15 470
15 471
15 472
15 473
15 474
15 475
15 476
15 477
15 478
15 479
15 480
15 481
1 16
16 482
16 483
16 484
16 485
16 486
16 487
16 488
16 489
16 490
16 491
16 492
16 493
16 494
16 495
16 496
16 497
16 498
16 499
16 500
16 501
16 502
16 503
16 504
16 505
16 506
16 507
16 508
16 509
16 510
16 511
16 512
16 513
1 17
17 514
17 515
17 516
17 517
17 518
17 519
17 520
17 521
17 522
17 523
17 524
17 525
17 526
17 527
17 528
17 529
17 530
17 531
17 532
17 533
17 534
17 535
17 536
17 537
17 538
17 539
17 540
17 541
17 542
17 543
17 544
17 545
1 18
18 546
18 547
18 548
18 549
18 550
18 551
18 552
18 553
18 554
18 555
18 556
18 557
18 558
18 559
18 560
18 561
18 562
18 563
18 564
18 565
18 566
18 567
18 568
18 569
18 570
18 571
18 572
18 573
18 574
18 575
18 576
18 577
1 19
19 578
19 579
19 580
19 581
19 582
19 583
19 584
19 585
19 586
19 587
19 588
19 589
19 590
19 591
19 592
19 593
19 594
19 595
19 596
19 597
19 598
19 599
19 600
19 601
19 602
19 603
19 604
19 605
19 606
19 607
19 608
19 609
1 20
20 610
20 611
20 612
20 613
20 614
20 615
20 616
20 617
20 618
20 619
20 620
20 621
20 622
20 623
20 624
20 625
20 626
20 627
20 628
20 629
20 630
20 631
20 632
20 633
20 634
20 635
20 636
20 637
20 638
20 639
20 640
20 641
1 21
21 642
21 643
21 644
21 645
21 646
21 647
21 648
21 649
21 650
21 651
21 652
21 653
21 654
21 655
21 656
21 657
21 658
21 659
21 660
21 661
21 662
21 663
21 664
21 665
21 666
21 667
21 668
21 669
21 670
21 671
21 672
21 673
1 22
22 674
22 675
22 676
22 677
22 678
22 679
22 680
22 681
22 682
22 683
22 684
22 685
22 686
22 687
22 688
22 689
22 690
22 691
22 692
22 693
22 694
22 695
22 696
22 697
22 698
22 699
22 700
22 701
22 702
22 703
22 704
22 705
1 23
23 706
23 707
23 708
23 709
23 710
23 711
23 712
23 713
23 714
23 715
23 716
23 717
23 718
23 719
23 720
23 721
23 722
23 723
23 724
23 725
23 726
23 727
23 728
23 729
23 730
23 731
23 732
23 733
23 734
23 735
23 736
23 737
1 24
24 738
24 739
24 740
24 741
24 742
24 743
24 744
24 745
24 746
24 747
24 748
24 749
24 750
24 751
24 752
24 753
24 754
24 755
24 756
24 757
24 758
24 759
24 760
24 761
24 762
24 763
24 764
24 765
24 766
24 767
24 768
24 769
1 25
25 770
25 771
25 772
25 773
25 774
25 775
25 776
25 777
25 778
25 779
25 780
25 781
25 782
25 783
25 784
25 785
25 786
25 787
25 788
25 789
25 790
25 791
25 792
25 793
25 794
25 795
25 796
25 797
25 798
25 799
25 800
25 801
1 26
26 802
26 803
26 804
26 805
26 806
26 807
26 808
26 809
26 810
26 811
26 812
26 813
26 814
26 815
26 816
26 817
26 818
26 819
26 820
26 821
26 822
26 823
26 824
26 825
26 826
26 827
26 828
26 829
26 830
26 831
26 832
26 833
1 27
27 834
27 835
27 836
27 837
27 838
27 839
27 840
27 841
27 842
27 843
27 844
27 845
27 846
27 847
27 848
27 849
27 850
27 851
27 852
27 853
27 854
27 855
27 856
27 857
27 858
27 859
27 860
27 861
27 862
27 863
27 864
27 865
1 28
28 866
28 867
28 868
28 869
28 870
28 871
28 872
28 873
28 874
28 875
28 876
28 877
28 878
28 879
28 880
28 881
28 882
28 883
28 884
28 885
28 886
28 887
28 888
28 889
28 890
28 891
28 892
28 893
28 894
28 895
28 896
28 897
1 29
29 898
29 899
29 900
29 901
29 902
29 903
29 904
29 905
29 906
29 907
29 908
29 909
29 910
29 911
29 912
29 913
29 914
29 915
29 916
29 917
29 918
29 919
29 920
29 921
29 922
29 923
29 924
29 925
29 926
29 927
29 928
29 929
1 30
30 930
30 931
30 932
30 933
30 934
30 935
30 936
30 937
30 938
30 939
30 940
30 941
30 942
30 943
30 944
30 945
30 946
30 947
30 948
30 949
30 950
30 951
30 952
30 953
30 954
30 955
30 956
30 957
30 958
30 959
30 960
30 961
1 31
31 962
31 963
31 964
31 965
31 966
31 967
31 968
31 969
31 970
31 971
31 972
31 973
31 974
31 975
31 976
31 977
31 978
31 979
31 980
31 981
31 982
31 983
31 984
31 985
31 986
31 987
31 988
31 989
31 990
31 991
31 992
31 993
1 32
32 994
32 995
32 996
32 997
32 998
32 999
32 1000
32 1001
32 1002
32 1003
32 1004
32 1005
32 1006
32 1007
32 1008
32 1009
32 1010
32 1011
32 1012
32 1013
32 1014
32 1015
32 1016
32 1017
32 1018
32 1019
32 1020
32 1021
32 1022
32 1023
32 1024
32 1025
1 33
33 1026
33 1027
33 1028
33 1029
33 1030
33 1031
33 1032
33 1033
33 1034
33 1035
33 1036
33 1037
33 1038
33 1039
33 1040
33 1041
33 1042
33 1043
33 1044
33 1045
33 1046
33 1047
33 1048
33 1049
33 1050
33 1051
33 1052
33 1053
33 1054
33 1055
33 1056
33 1057
