1
3
6
10
15
21
28
36
45
55
66
78
91
105
120
136
153
171
190
210
231
253
276
300
325
351
378
406
435
465
496
528
561
595
630
666
703
741
780
820
861
903
946
990
1035
1081
1128
1176
1225
1275
1326
1378
1431
1485
1540
1596
1653
1711
1770
1830
1891
1953
2016
2080
2145
2211
2278
2346
2415
2485
2556
2628
2701
2775
2850
2926
3003
3081
3160
3240
3321
3403
3486
3570
3655
3741
3828
3916
4005
4095
4186
4278
4371
4465
4560
4656
4753
4851
4950
5050
5151
5253
5356
5460
5565
5671
5778
5886
5995
6105
6216
6328
6441
6555
6670
6786
6903
7021
7140
7260
7381
7503
7626
7750
7875
8001
8128
8256
8385
8515
8646
8778
8911
9045
9180
9316
9453
9591
9730
9870
10011
10153
10296
10440
10585
10731
10878
11026
11175
11325
11476
11628
11781
11935
12090
12246
12403
12561
12720
12880
13041
13203
13366
13530
13695
13861
14028
14196
14365
14535
14706
14878
15051
15225
15400
15576
15753
15931
16110
16290
16471
16653
16836
17020
17205
17391
17578
17766
17955
18145
18336
18528
18721
18915
19110
19306
19503
19701
19900
20100
20301
20503
20706
20910
21115
21321
21528
21736
21945
22155
22366
22578
22791
23005
23220
23436
23653
23871
24090
24310
24531
24753
24976
25200
25425
25651
25878
26106
26335
26565
26796
27028
27261
27495
27730
27966
28203
28441
28680
28920
29161
29403
29646
29890
30135
30381
30628
30876
31125
31375
31626
31878
32131
32385
32640
32896
33153
33411
33670
33930
34191
34453
34716
34980
35245
35511
35778
36046
36315
36585
36856
37128
37401
37675
37950
38226
38503
38781
39060
39340
39621
39903
40186
40470
40755
41041
41328
41616
41905
42195
42486
42778
43071
43365
43660
43956
44253
44551
44850
45150
45451
45753
46056
46360
46665
46971
47278
47586
47895
48205
48516
48828
49141
49455
49770
50086
50403
50721
51040
51360
51681
52003
52326
52650
52975
53301
53628
53956
54285
54615
54946
55278
55611
55945
56280
56616
56953
57291
57630
57970
58311
58653
58996
59340
59685
60031
60378
60726
61075
61425
61776
62128
62481
62835
63190
63546
63903
64261
64620
64980
65341
65703
66066
66430
66795
67161
67528
67896
68265
68635
69006
69378
69751
70125
70500
70876
71253
71631
72010
72390
72771
73153
73536
73920
74305
74691
75078
75466
75855
76245
76636
77028
77421
77815
78210
78606
79003
79401
79800
80200
80601
81003
81406
81810
82215
82621
83028
83436
83845
84255
84666
85078
85491
85905
86320
86736
87153
87571
87990
88410
88831
89253
89676
90100
90525
90951
91378
91806
92235
92665
93096
93528
93961
94395
94830
95266
95703
96141
96580
97020
97461
97903
98346
98790
99235
99681
100128
100576
101025
101475
101926
102378
102831
103285
103740
104196
104653
105111
105570
106030
106491
106953
107416
107880
108345
108811
109278
109746
110215
110685
111156
111628
112101
112575
113050
113526
114003
114481
114960
115440
115921
116403
116886
117370
117855
118341
118828
119316
119805
120295
120786
121278
121771
122265
122760
123256
123753
124251
124750
125250
125751
126252
126753
127254
127755
128256
128757
129258
129759
130260
130761
131262
131763
132264
132765
133266
133767
134268
134769
135270
135771
136272
136773
137274
137775
138276
138777
139278
139779
140280
140781
141282
141783
142284
142785
143286
143787
144288
144789
145290
145791
146292
146793
147294
147795
148296
148797
149298
149799
150300
150801
151302
151803
152304
152805
153306
153807
154308
154809
155310
155811
156312
156813
157314
157815
158316
158817
159318
159819
160320
160821
161322
161823
162324
162825
163326
163827
164328
164829
165330
165831
166332
166833
167334
167835
168336
168837
169338
169839
170340
170841
171342
171843
172344
172845
173346
173847
174348
174849
175350
175851
176352
176853
177354
177855
178356
178857
179358
179859
180360
180861
181362
181863
182364
182865
183366
183867
184368
184869
185370
185871
186372
186873
187374
187875
188376
188877
189378
189879
190380
190881
191382
191883
192384
192885
193386
193887
194388
194889
195390
195891
196392
196893
197394
197895
198396
198897
199398
199899
200400
200901
201402
201903
202404
202905
203406
203907
204408
204909
205410
205911
206412
206913
207414
207915
208416
208917
209418
209919
210420
210921
211422
211923
212424
212925
213426
213927
214428
214929
215430
215931
216432
216933
217434
217935
218436
218937
219438
219939
220440
220941
221442
221943
222444
222945
223446
223947
224448
224949
225450
225951
226452
226953
227454
227955
228456
228957
229458
229959
230460
230961
231462
231963
232464
232965
233466
233967
234468
234969
235470
235971
236472
236973
237474
237975
238476
238977
239478
239979
240480
240981
241482
241983
242484
242985
243486
243987
244488
244989
245490
245991
246492
246993
247494
247995
248496
248997
249498
249999
250500
251001
251502
252003
252504
253005
253506
254007
254508
255009
255510
256011
256512
257013
257514
258015
258516
259017
259518
260019
260520
261021
261522
262023
262524
263025
263526
264027
264528
265029
265530
266031
266532
267033
267534
268035
268536
269037
269538
270039
270540
271041
271542
272043
272544
273045
273546
274047
274548
275049
275550
276051
276552
277053
277554
278055
278556
279057
279558
280059
280560
281061
281562
282063
282564
283065
283566
284067
284568
285069
285570
286071
286572
287073
287574
288075
288576
289077
289578
290079
290580
291081
291582
292083
292584
293085
293586
294087
294588
295089
295590
296091
296592
297093
297594
298095
298596
299097
299598
300099
300600
301101
301602
302103
302604
303105
303606
304107
304608
305109
305610
306111
306612
307113
307614
308115
308616
309117
309618
310119
310620
311121
311622
312123
312624
313125
313626
314127
314628
315129
315630
316131
316632
317133
317634
318135
318636
319137
319638
320139
320640
321141
321642
322143
322644
323145
323646
324147
324648
325149
325650
326151
326652
327153
327654
328155
328656
329157
329658
330159
330660
331161
331662
332163
332664
333165
333666
334167
334668
335169
335670
336171
336672
337173
337674
338175
338676
339177
339678
340179
340680
341181
341682
342183
342684
343185
343686
344187
344688
345189
345690
346191
346692
347193
347694
348195
348696
349197
349698
350199
350700
351201
351702
352203
352704
353205
353706
354207
354708
355209
355710
356211
356712
357213
357714
358215
358716
359217
359718
360219
360720
361221
361722
362223
362724
363225
363726
364227
364728
365229
365730
366231
366732
367233
367734
368235
368736
369237
369738
370239
370740
371241
371742
372243
372744
373245
373746
374247
374748
375249
375750
376251
376752