1940
3862
5772
7670
9556
11430
13292
15142
16980
18806
20620
22422
24212
25990
27756
29510
31252
32982
34700
36406
38100
39782
41452
43110
44756
46390
48012
49622
51220
52806
54380
55942
57492
59030
60556
62070
63572
65062
66540
68006
69460
70902
72332
73750
75156
76550
77932
79302
80660
82006
83340
84662
85972
87270
88556
89830
91092
92342
93580
94806
96020
97222
98412
99590
100756
101910
103052
104182
105300
106406
107500
108582
109652
110710
111756
112790
113812
114822
115820
116806
117780
118742
119692
120630
121556
122470
123372
124262
125140
126006
126860
127702
128532
129350
130156
130950
131732
132502
133260
134006
134740
135462
136172
136870
137556
138230
138892
139542
140180
140806
141420
142022
142612
143190
143756
144310
144852
145382
145900
146406
146900
147382
147852
148310
148756
149190
149612
150022
150420
150806
151180
151542
151892
152230
152556
152870
153172
153462
153740
154006
154260
154502
154732
154950
155156
155350
155532
155702
155860
156006
156140
156262
156372
156470
156556
156630
156692
156742
156780
156806
156820
156822
156812
156790
156756
156710
156652
156582
156500
156406
156300
156182
156052
155910
155756
155590
155412
155222
155020
148116
147712
147300
146880
146452
146016
145572
145120
144660
144192
143716
143232
142740
142240
141732
141216
140692
140160
139620
139072
138516
137952
137380
136800
136212
135616
135012
134400
133780
133152
132516
131872
131220
130560
129892
129216
128532
127840
127140
126432
125716
124992
124260
123520
122772
122016
121252
120480
119700
118912
118116
117312
116500
115680
114852
114016
113172
112320
111460
110592
109716
108832
107940
107040
106132
105216
104292
103360
102420
101472
100516
99552
98580
97600
96612
95616
94612
93600
92580
91552
90516
89472
88420
87360
86292
85216
84132
83040
81940
80832
79716
78592
77460
76320
75172
74016
72852
71680
70500
69312
68116
66912
65700
64480
63252
62016
60772
59520
58260
56992
55716
54432
53140
51840
50532
49216
47892
46560
45220
43872
42516
41152
39780
38400
37012
35616
34212
32800
31380
29952
28516
27072
25620
24160
22692
21216
19732
18240
16740
15232
13716
12192
10660
9120
7572
6016
4452
2880
1300
0
