0
3958
7916
11875
15832
19792
23749
27709
31666
35626
39583
43543
47500
51460
55417
59377
63334
67294
71251
75211
79168
83128
87085
91045
95002
98962
102919
106879
110836
114796
118753
122713
126670
130630
134587
138547
142504
146464
150421
154381
158338
162298
166255
170215
174172
178132
182089
186049
190006
193966
197923
201883
205840
209800
213757
217717
221674
225634
229591
233551
237508
241468
245425
249385
253342
257302
261259
265219
269176
273136
277093
281053
285010
288970
292927
296887
300844
304804
308761
312721
316678
320638
324595
328555
332512
336472
340429
344389
348346
352306
356263
360223
364180
368140
372097
376057
380014
383974
387931
391891
395848
399808
403765
407725
411682
415642
419599
423559
427516
431476
435433
439393
443350
447310
451267
455227
459184
463144
467101
471061
475018
478978
482935
486895
490852
494812
498769
502729
506686
510646
514603
518563
522520
526480
530437
534397
538354
542314
546271
550231
554188
558148
562105
566065
570022
573982
577939
581899
585856
589816
593773
597733
601690
605650
609607
613567
617524
621484
625441
629401
633358
637318
641275
645235
649192
653152
657109
661069
665026
668986
672943
676903
680860
684820
688777
692737
696694
700654
704611
708571
712528
716488
720445
724405
728362
732322
736279
740239
744196
748156
752113
756073
760030
763990
767947
771907
775864
779824
783781
787741
791698
795658
799615
803575
807532
811492
815449
819409
823366
827326
831283
835243
839200
843160
847117
851077
855034
858994
862951
866911
870868
874828
878785
882745
886702
890662
894619
898579
902536
906496
910453
914413
918370
922330
926287
930247
934204
938164
942121
946081
950038
953998
957955
961915
965872
969832
973789
977749
981706
985666
989623
993583
997540
1001500
1005457
1009417
1013374
1017334
1021291
1025251
1029208
1033168
1037125
1041085
1045042
1048999
1052959
1056916
1060876
1064833
1068793
1072750
1076710
1080667
1084627
1088584
1092544
1096501
1100461
1104418
1108378
1112335
1116295
1120252
1124212
1128169
1132129
1136086
1139999
1143956
1147916
1151873
1155833
1159790
1163750
1167707
1171667
1175624
1179584
1183541
1187501
1191458
1195418
1199375
1203335
1207292
1211252
1215209
1219169
1223126
1227086
1231043
1235003
1238960
1242920
1246877
1250837
1254794
1258754
1262711
1266671
1270628
1274588
1278545
1282505
1286462
1290422
1294379
1298339
1302296
1306256
1310213
1314173
1318130
1322090
1326047
1330007
1333964
1337924
1341881
1345841
1349798
1353758
1357715
1361675
1365632
1369592
1373549
1377509
1381466
1385426
1389383
1393343
1397300
1401260
1405217
1409177
1413134
1417094
1421051
1425011
1428968
1432928
1436885
1440845
1444802
1448762
1452719
1456679
1460636
1464596
1468553
1472513
1476470
1480430
1484387
1488347
1492304
1496264
1500221
1504181
1508138
1512098
1516055
1520015
1523972
1527932
1531889
1535849
1539806
1543766
1547723
1551683
1555640
1559600
1563557
1567517
1571474
1575434
1579391
1583351
1587308
1591268
1595225
1599185
1603142
1607102
1611059
1615019
1618976
1622936
1626893
1630853
1634810
1638770
1642727
1646687
1650644
1654604
1658561
1662521
1666478
1670438
1674395
1678355
1682312
1686272
1690229
1694189
1698146
1702106
1706063
1710023
1713980
1717940
1721897
1725857
1729814
1733774
1737731
1741691
1745648
1749608
1753565
1757525
1761482
1765442
1769399
1773359
1777316
1781276
1785233
1789193
1793150
1797110
1801067
1805027
1808984
1812944
1816901
1820861
1824818
1828778
1832735
1836695
1840652
1844612
1848569
1852529
1856486
1860446
1864403
1868363
1872320
1876280
1880237
1884197
1888154
1892114
1896071
1899979
1903946
1907874
1911802
1915730
1919658
1923586
1927514
1931442
1935370
1939298
1943226
1947154
1951082
1955010
1958938
1962866
1966794
1970722
1974650
1978578
1982506
1986434
1990362
1994290
1998218
2002146
2006074
2009999
2013927
2017855
2021783
2025711
2029639
2033567
2037495
2041423
2045351
2049279
2053207
2057135
2061063
2064991
2068919
2072847
2076775
2080703
2084631
2088559
2092483
2096411
2100339
2104267
2108195
2112123
2116051
2119979
2123907
2127835
2131763
2135691
2139615
2143543
2147471
2151399
2155327
2159255
2163183
2167111
2171039
2174967
2178895
2182823
2186751
2190679
2194603
2198531
2202459
2206387
2210315
2214243
2218171
2222099
2226027
2229951
2233879
2237807
2241735
2245663
2249591
2253515
2257443
2261371
2265299
2269227
2273155
2277083
2281007
2284935
2288863
2292791
2296715
2300643
2304571
2308499
2312427
2316355
2320283
2324207
2328135
2332063
2335991
2339915
2343843
2347771
2351699
2355627
2359551
2363479
2367407
2371335
2375263
2379191
2383115
2387043
2390971
2394899
2398823
2402751
2406679
2410607
2414531
2418459
2422387
2426311
2430239
2434167
2438095
2442023
2445947
2449875
2453803
2457731
2461655
2465583
2469511
2473435
2477363
2481291
2485215
2489143
2493067
2496995
2500923
2504847
2508775
2512703
2516631
2520555
2524483
2528407
2532335
2536263
2540191
2544115
2548043
2551971
2555895
2559823
2563747
2567675
2571603
2575527
2579455
2583383
2587307
2591235
2595159
2599087
2603011
2606939
2610863
2614791
2618719
2622643
2626571
2630495
2634423
2638347
2642275
2646203
2650127
2654055
2657983
2661907
2665835
2669763
2673687
2677615
2681543
2685467
2689395
2693323
2697247
2701175
2705099
2709027
2712951
2716879
2720803
2724731
2728655
2732583
2736507
2740435
2744359
2748287
2752211
2756139
2760063
2763991
2767915
2771843
2775767
2779695
2783623
2787547
2791475
2795399
2799327
2803251
2807179
2811103
2815031
2818955
2822883
2826807
2830735
2834659
2838587
2842511
2846439
2850363
2854291
2858215
2862143
2866067
2869995
2873923
2877847
2881775
2885699
2889627
2893551
2897479
2901403
2905331
2909255
2913183
2917107
2921035
2924959
2928887
2932811
2936739
2940663
2944591
2948515
2952443
2956367
2960295
2964219
2968147
2972071
2976000