1003 1002 1
1 2 2
2 3 3
3 4 4
4 5 5
5 6 6
6 7 7
7 8 8
8 9 9
9 10 10
10 11 11
11 12 12
12 13 13
13 14 14
14 15 15
15 16 16
16 17 17
17 18 18
18 19 19
19 20 20
20 21 21
21 22 22
22 23 23
23 24 24
24 25 25
25 26 26
26 27 27
27 28 28
28 29 29
29 30 30
30 31 31
31 32 32
32 33 33
33 34 34
34 35 35
35 36 36
36 37 37
37 38 38
38 39 39
39 40 40
40 41 41
41 42 42
42 43 43
43 44 44
44 45 45
45 46 46
46 47 47
47 48 48
48 49 49
49 50 50
50 51 51
51 52 52
52 53 53
53 54 54
54 55 55
55 56 56
56 57 57
57 58 58
58 59 59
59 60 60
60 61 61
61 62 62
62 63 63
63 64 64
64 65 65
65 66 66
66 67 67
67 68 68
68 69 69
69 70 70
70 71 71
71 72 72
72 73 73
73 74 74
74 75 75
75 76 76
76 77 77
77 78 78
78 79 79
79 80 80
80 81 81
81 82 82
82 83 83
83 84 84
84 85 85
85 86 86
86 87 87
87 88 88
88 89 89
89 90 90
90 91 91
91 92 92
92 93 93
93 94 94
94 95 95
95 96 96
96 97 97
97 98 1
98 99 2
99 100 3
100 101 4
101 102 5
102 103 6
103 104 7
104 105 8
105 106 9
106 107 10
107 108 11
108 109 12
109 110 13
110 111 14
111 112 15
112 113 16
113 114 17
114 115 18
115 116 19
116 117 20
117 118 21
118 119 22
119 120 23
120 121 24
121 122 25
122 123 26
123 124 27
124 125 28
125 126 29
126 127 30
127 128 31
128 129 32
129 130 33
130 131 34
131 132 35
132 133 36
133 134 37
134 135 38
135 136 39
136 137 40
137 138 41
138 139 42
139 140 43
140 141 44
141 142 45
142 143 46
143 144 47
144 145 48
145 146 49
146 147 50
147 148 51
148 149 52
149 150 53
150 151 54
151 152 55
152 153 56
153 154 57
154 155 58
155 156 59
156 157 60
157 158 61
158 159 62
159 160 63
160 161 64
161 162 65
162 163 66
163 164 67
164 165 68
165 166 69
166 167 70
167 168 71
168 169 72
169 170 73
170 171 74
171 172 75
172 173 76
173 174 77
174 175 78
175 176 79
176 177 80
177 178 81
178 179 82
179 180 83
180 181 84
181 182 85
182 183 86
183 184 87
184 185 88
185 186 89
186 187 90
187 188 91
188 189 92
189 190 93
190 191 94
191 192 95
192 193 96
193 194 97
194 195 1
195 196 2
196 197 3
197 198 4
198 199 5
199 200 6
200 201 7
201 202 8
202 203 9
203 204 10
204 205 11
205 206 12
206 207 13
207 208 14
208 209 15
209 210 16
210 211 17
211 212 18
212 213 19
213 214 20
214 215 21
215 216 22
216 217 23
217 218 24
218 219 25
219 220 26
220 221 27
221 222 28
222 223 29
223 224 30
224 225 31
225 226 32
226 227 33
227 228 34
228 229 35
229 230 36
230 231 37
231 232 38
232 233 39
233 234 40
234 235 41
235 236 42
236 237 43
237 238 44
238 239 45
239 240 46
240 241 47
241 242 48
242 243 49
243 244 50
244 245 51
245 246 52
246 247 53
247 248 54
248 249 55
249 250 56
250 251 57
251 252 58
252 253 59
253 254 60
254 255 61
255 256 62
256 257 63
257 258 64
258 259 65
259 260 66
260 261 67
261 262 68
262 263 69
263 264 70
264 265 71
265 266 72
266 267 73
267 268 74
268 269 75
269 270 76
270 271 77
271 272 78
272 273 79
273 274 80
274 275 81
275 276 82
276 277 83
277 278 84
278 279 85
279 280 86
280 281 87
281 282 88
282 283 89
283 284 90
284 285 91
285 286 92
286 287 93
287 288 94
288 289 95
289 290 96
290 291 97
291 292 1
292 293 2
293 294 3
294 295 4
295 296 5
296 297 6
297 298 7
298 299 8
299 300 9
300 301 10
301 302 11
302 303 12
303 304 13
304 305 14
305 306 15
306 307 16
307 308 17
308 309 18
309 310 19
310 311 20
311 312 21
312 313 22
313 314 23
314 315 24
315 316 25
316 317 26
317 318 27
318 319 28
319 320 29
320 321 30
321 322 31
322 323 32
323 324 33
324 325 34
325 326 35
326 327 36
327 328 37
328 329 38
329 330 39
330 331 40
331 332 41
332 333 42
333 334 43
334 335 44
335 336 45
336 337 46
337 338 47
338 339 48
339 340 49
340 341 50
341 342 51
342 343 52
343 344 53
344 345 54
345 346 55
346 347 56
347 348 57
348 349 58
349 350 59
350 351 60
351 352 61
352 353 62
353 354 63
354 355 64
355 356 65
356 357 66
357 358 67
358 359 68
359 360 69
360 361 70
361 362 71
362 363 72
363 364 73
364 365 74
365 366 75
366 367 76
367 368 77
368 369 78
369 370 79
370 371 80
371 372 81
372 373 82
373 374 83
374 375 84
375 376 85
376 377 86
377 378 87
378 379 88
379 380 89
380 381 90
381 382 91
382 383 92
383 384 93
384 385 94
385 386 95
386 387 96
387 388 97
388 389 1
389 390 2
390 391 3
391 392 4
392 393 5
393 394 6
394 395 7
395 396 8
396 397 9
397 398 10
398 399 11
399 400 12
400 401 13
401 402 14
402 403 15
403 404 16
404 405 17
405 406 18
406 407 19
407 408 20
408 409 21
409 410 22
410 411 23
411 412 24
412 413 25
413 414 26
414 415 27
415 416 28
416 417 29
417 418 30
418 419 31
419 420 32
420 421 33
421 422 34
422 423 35
423 424 36
424 425 37
425 426 38
426 427 39
427 428 40
428 429 41
429 430 42
430 431 43
431 432 44
432 433 45
433 434 46
434 435 47
435 436 48
436 437 49
437 438 50
438 439 51
439 440 52
440 441 53
441 442 54
442 443 55
443 444 56
444 445 57
445 446 58
446 447 59
447 448 60
448 449 61
449 450 62
450 451 63
451 452 64
452 453 65
453 454 66
454 455 67
455 456 68
456 457 69
457 458 70
458 459 71
459 460 72
460 461 73
461 462 74
462 463 75
463 464 76
464 465 77
465 466 78
466 467 79
467 468 80
468 469 81
469 470 82
470 471 83
471 472 84
472 473 85
473 474 86
474 475 87
475 476 88
476 477 89
477 478 90
478 479 91
479 480 92
480 481 93
481 482 94
482 483 95
483 484 96
484 485 97
485 486 1
486 487 2
487 488 3
488 489 4
489 490 5
490 491 6
491 492 7
492 493 8
493 494 9
494 495 10
495 496 11
496 497 12
497 498 13
498 499 14
499 500 15
500 501 16
501 502 17
502 503 18
503 504 19
504 505 20
505 506 21
506 507 22
507 508 23
508 509 24
509 510 25
510 511 26
511 512 27
512 513 28
513 514 29
514 515 30
515 516 31
516 517 32
517 518 33
518 519 34
519 520 35
520 521 36
521 522 37
522 523 38
523 524 39
524 525 40
525 526 41
526 527 42
527 528 43
528 529 44
529 530 45
530 531 46
531 532 47
532 533 48
533 534 49
534 535 50
535 536 51
536 537 52
537 538 53
538 539 54
539 540 55
540 541 56
541 542 57
542 543 58
543 544 59
544 545 60
545 546 61
546 547 62
547 548 63
548 549 64
549 550 65
550 551 66
551 552 67
552 553 68
553 554 69
554 555 70
555 556 71
556 557 72
557 558 73
558 559 74
559 560 75
560 561 76
561 562 77
562 563 78
563 564 79
564 565 80
565 566 81
566 567 82
567 568 83
568 569 84
569 570 85
570 571 86
571 572 87
572 573 88
573 574 89
574 575 90
575 576 91
576 577 92
577 578 93
578 579 94
579 580 95
580 581 96
581 582 97
582 583 1
583 584 2
584 585 3
585 586 4
586 587 5
587 588 6
588 589 7
589 590 8
590 591 9
591 592 10
592 593 11
593 594 12
594 595 13
595 596 14
596 597 15
597 598 16
598 599 17
599 600 18
600 601 19
601 602 20
602 603 21
603 604 22
604 605 23
605 606 24
606 607 25
607 608 26
608 609 27
609 610 28
610 611 29
611 612 30
612 613 31
613 614 32
614 615 33
615 616 34
616 617 35
617 618 36
618 619 37
619 620 38
620 621 39
621 622 40
622 623 41
623 624 42
624 625 43
625 626 44
626 627 45
627 628 46
628 629 47
629 630 48
630 631 49
631 632 50
632 633 51
633 634 52
634 635 53
635 636 54
636 637 55
637 638 56
638 639 57
639 640 58
640 641 59
641 642 60
642 643 61
643 644 62
644 645 63
645 646 64
646 647 65
647 648 66
648 649 67
649 650 68
650 651 69
651 652 70
652 653 71
653 654 72
654 655 73
655 656 74
656 657 75
657 658 76
658 659 77
659 660 78
660 661 79
661 662 80
662 663 81
663 664 82
664 665 83
665 666 84
666 667 85
667 668 86
668 669 87
669 670 88
670 671 89
671 672 90
672 673 91
673 674 92
674 675 93
675 676 94
676 677 95
677 678 96
678 679 97
679 680 1
680 681 2
681 682 3
682 683 4
683 684 5
684 685 6
685 686 7
686 687 8
687 688 9
688 689 10
689 690 11
690 691 12
691 692 13
692 693 14
693 694 15
694 695 16
695 696 17
696 697 18
697 698 19
698 699 20
699 700 21
700 701 22
701 702 23
702 703 24
703 704 25
704 705 26
705 706 27
706 707 28
707 708 29
708 709 30
709 710 31
710 711 32
711 712 33
712 713 34
713 714 35
714 715 36
715 716 37
716 717 38
717 718 39
718 719 40
719 720 41
720 721 42
721 722 43
722 723 44
723 724 45
724 725 46
725 726 47
726 727 48
727 728 49
728 729 50
729 730 51
730 731 52
731 732 53
732 733 54
733 734 55
734 735 56
735 736 57
736 737 58
737 738 59
738 739 60
739 740 61
740 741 62
741 742 63
742 743 64
743 744 65
744 745 66
745 746 67
746 747 68
747 748 69
748 749 70
749 750 71
750 751 72
751 752 73
752 753 74
753 754 75
754 755 76
755 756 77
756 757 78
757 758 79
758 759 80
759 760 81
760 761 82
761 762 83
762 763 84
763 764 85
764 765 86
765 766 87
766 767 88
767 768 89
768 769 90
769 770 91
770 771 92
771 772 93
772 773 94
773 774 95
774 775 96
775 776 97
776 777 1
777 778 2
778 779 3
779 780 4
780 781 5
781 782 6
782 783 7
783 784 8
784 785 9
785 786 10
786 787 11
787 788 12
788 789 13
789 790 14
790 791 15
791 792 16
792 793 17
793 794 18
794 795 19
795 796 20
796 797 21
797 798 22
798 799 23
799 800 24
800 801 25
801 802 26
802 803 27
803 804 28
804 805 29
805 806 30
806 807 31
807 808 32
808 809 33
809 810 34
810 811 35
811 812 36
812 813 37
813 814 38
814 815 39
815 816 40
816 817 41
817 818 42
818 819 43
819 820 44
820 821 45
821 822 46
822 823 47
823 824 48
824 825 49
825 826 50
826 827 51
827 828 52
828 829 53
829 830 54
830 831 55
831 832 56
832 833 57
833 834 58
834 835 59
835 836 60
836 837 61
837 838 62
838 839 63
839 840 64
840 841 65
841 842 66
842 843 67
843 844 68
844 845 69
845 846 70
846 847 71
847 848 72
848 849 73
849 850 74
850 851 75
851 852 76
852 853 77
853 854 78
854 855 79
855 856 80
856 857 81
857 858 82
858 859 83
859 860 84
860 861 85
861 862 86
862 863 87
863 864 88
864 865 89
865 866 90
866 867 91
867 868 92
868 869 93
869 870 94
870 871 95
871 872 96
872 873 97
873 874 1
874 875 2
875 876 3
876 877 4
877 878 5
878 879 6
879 880 7
880 881 8
881 882 9
882 883 10
883 884 11
884 885 12
885 886 13
886 887 14
887 888 15
888 889 16
889 890 17
890 891 18
891 892 19
892 893 20
893 894 21
894 895 22
895 896 23
896 897 24
897 898 25
898 899 26
899 900 27
900 901 28
901 902 29
902 903 30
903 904 31
904 905 32
905 906 33
906 907 34
907 908 35
908 909 36
909 910 37
910 911 38
911 912 39
912 913 40
913 914 41
914 915 42
915 916 43
916 917 44
917 918 45
918 919 46
919 920 47
920 921 48
921 922 49
922 923 50
923 924 51
924 925 52
925 926 53
926 927 54
927 928 55
928 929 56
929 930 57
930 931 58
931 932 59
932 933 60
933 934 61
934 935 62
935 936 63
936 937 64
937 938 65
938 939 66
939 940 67
940 941 68
941 942 69
942 943 70
943 944 71
944 945 72
945 946 73
946 947 74
947 948 75
948 949 76
949 950 77
950 951 78
951 952 79
952 953 80
953 954 81
954 955 82
955 956 83
956 957 84
957 958 85
958 959 86
959 960 87
960 961 88
961 962 89
962 963 90
963 964 91
964 965 92
965 966 93
966 967 94
967 968 95
968 969 96
969 970 97
970 971 1
971 972 2
972 973 3
973 974 4
974 975 5
975 976 6
976 977 7
977 978 8
978 979 9
979 980 10
980 981 11
981 982 12
982 983 13
983 984 14
984 985 15
985 986 16
986 987 17
987 988 18
988 989 19
989 990 20
990 991 21
991 992 22
992 993 23
993 994 24
994 995 25
995 996 26
996 997 27
997 998 28
998 999 29
999 1000 30
1000 1001 31
1001 1002 32
1002 1003 33
1
1003
