0
1
5
19
53
155
373
931
2189
5123
11269
26187
56469
124243
271661
591891
1249317
2716539
5695221
12229091
25855885
54518211
113230725
241567563
502077141
50698322
188467435
580177679
430546460
820615592
718484301
627582031
808780511
94679130
432745055
714266817
270905659
121506919
681666995
948018661
344143738
100347655
980831448
656952001
799265745
695311031
895623696
472573074
380766503
641937195
480563071
299078189
862080313
155911854
633274605
215132974
554285588
918875838
760485225
185107815
54127241
864780007
10529274
890523912
228332558
952282906
641551686
127059725
812662151
752817816
264052338
476051305
976991202
941015275
343767494
366671152
934759837
111947961
818521520
972425061
69004611
639370842
810307737
251665888
474604380
767455955
19715891
221147943
409853931
443741255
501884779
465996019
106570539
16890721
771803059
494898187
670610973
190356317
550534122
256247769
396750902
351649547
240320553
867919197
902397825
940707148
463223773
32316636
381337301
554592350
75573646
921911575
921621511
936980161
153182899
418713821
295161240
915270614
337452594
652967838
116972147
903900372
674320168
968462199
405907728
337377393
749644801
937615906
844166873
6896732
213789366
566866843
826932865
620519468
927492294
194535887
211632976
737087043
764418897
976860252
80482310
512625638
218241223
955457345
890938237
235136737
15060903
41850695
16277861
867815918
467693370
842724959
285095272
706488007
711609588
283646741
277024314
574302116
464746943
978739230
571086748
213801499
817019016
346256550
573942102
497631384
238208600
64867986
80116346
186378515
281438069
921102149
308222200
325605082
309195568
35526361
679008939
933839123
522526278
768386492
149142527
772407428
967472985
206039327
366645728
245233882
874753430
410850013
889603620
576694010
721515394
473640231
218034314
126181248
886000311
354017590
20784710
38040643
321812468
91958302
156536042
343940378
724191130
780112882
272105461
249743504
153578241
810482752
586115947
271464793
827547329
883202170
438014100
325675360
417413967
342920385
237202398
398920378
259266272
612525291
100551887
731673488
309977742
247177378
247995601
37651305
588037588
847931774
752070404
348828291
875295740
981383956
837498565
832187359
783692824
745763731
405067568
976741438
811593794
443916165
313253417
465441455
156759400
292290087
57589890
418617527
520362039
647678077
130443721
548579009
694276046
466712532
960135888
736791864
243650765
884129204
939921088
827390407
275381395
638486589
238718584
118711456
130785204
906789944
990520735
344898545
56954535
681278273
527209415
469762737
592870012
997563304
457256868
703272858
458699570
367870135
511166531
305200409
306271439
283981110
967759823
109488857
819923776
54081188
571902579
270698979
146177371
90987866
835036208
640075251
41535148
226995082
904237227
194753344
555412906
90209167
370229191
655370339
904720363
295393019
367562579
785680345
305849500
457126171
413342082
940671919
705227390
91146148
153626767
633591862
417718925
908305216
415239945
392727053
624206244
644254487
827956963
740549526
369424330
600716798
185803770
860178188
786356777
608512612
460546080
162314346
932971017
501239881
797225815
430525978
905984442
239734625
602974047
462032239
645935580
789240458
461182671
792966220
127706438
560243695
506453376
977377268
605181154
434218697
128883299
198521010
271668701
535440182
569387091
827593201
327761545
390553798
743170067
166815837
340232439
583287596
346579685
214330454
995392174
313463026
153947758
151169081
527354490
96438810
456831777
355150805
49830423
410851784
931826544
376903631
997513194
870649496
399161560
315757267
528633128
935381323
245778237
705850756
365675932
212429644
383676000
723420019
682340421
303786390
370450126
976637935
522266740
42235227
70468326
393926465
146780034
934371782
256010173
974736343
465964893
910947720
233839633
632138366
432095555
960995398
470962371
769925703
214406848
359823680
807857303
181320116
885174316
203664389
290951549
651418548
135312237
247419344
641058179
269333938
762526562
870553482
589762549
735759046
94070273
237357710
954390265
68245452
189888411
944777625
572051970
274961421
342810979
393591970
120643624
793688676
639953626
311326494
825935499
965503292
815605552
491675884
99465331
98626895
230157968
78886326
801956237
512378728
552979966
395153295
727515146
251047246
618106913
266677379
286926051
444186046
239479066
478241503
714524190
313464523
107779302
780979440
367360029
979799826
18177368
246845397
346751900
923830082
261660238
879615895
854836698
243538370
67186764
53133314
503708365
623172899
950036487
267618972
781065523
458258242
963174788
693468213
720093550
930756798
968951861
455904241
123472412
900259808
575083847
552421640
434196712
237631669
577416270
390123825
294100886
201330909
40620039
686319335
448244649
700062808
433886884
859545299
698121475
432040493
19866293
911330577
359196964
467075174
403891864
329027333
150171593
318151819
960578894
83952370
171669829
168502541
292497683
468405460
24454908
115750944
533238568
836808851
831190755
587992
997985869
423847957
297594905
757565402
312971124
342834061
26783583
552217945
224501448
896540490
966920371
126124410
848857103
289250606
911484228
449499609
881229713
154712463
917862639
372751072
905496173
40199819
886283843
832105769
134287012
767315046
278245485
115672930
897473040
444454478
183845001
506347448
355346959
345221669
519100785
500100964
852173176
829342241
973780373
319278474
77760328
156883174
390528223
314780873
718450365
435455179
370307900
788514599
761203605
726125164
153411536
310193394
416253388
16265873
310772305
814850022
414574279
194030123
300699298
62981336
505639309
974354533
528576613
942726372
138082752
556252628
467208098
894558981
177011297
373225209
508163795
314000549
635392244
137450845
917487905
440433889
61843934
786068295
295063568
242585200
682669750
830374931
454258559
623335138
430753691
484026
488289172
606249401
861870654
428279552
289632329
235848061
388354825
290602364
102379085
67964676
364459389
993536979
315329803
604231769
510953039
754963761
88742785
593002108
413188428
298082947
429546969
279067149
16597218
816711166
197123753
734402763
442899650
718770062
132783923
845248223
390830737
885980169
269674867
941508826
953270255
860455606
348110214
562200153
624418082
767124151
898654147
51272091
88783437
740164856
903794264
662670501
897870392
839057202
797426787
776815706
257261588
561785132
593368053
739282925
17997840
474503448
97956624
775234331
31781369
839079816
454252790
284959271
98550708
858571062
546432210
830424272
388453005
248900289
465171237
770997643
163007349
472830421
423591401
215603809
824867507
932136691
312105990
568017277
665654042
408341464
774832041
420732674
461731213
621084394
75327087
778421534
928754611
407391121
707078696
249352462
234299416
305242814
698744199
190729776
401054741
225340454
157465295
80982308
443662942
426721462
588193342
933449108
419057535
490819161
786768124
23693744
805525489
612566666
6026896
139495248
974810569
466247516
744949700
140207985
382204841
995339222
414613793
292481663
237798438
429012993
450148023
773906993
653167686
153633098
905531185
309528623
504619289
444573280
531711544
285690514
608798473
469300054
387781584
272693475
629166108
638025804
598416343
613517772
571013381
179603661
831210818
834118310
199996581
659153760
639552037
549611143
862600117
489106336
463546842
9221464
646560729
712176152
255954493
298009476
235273970
138004670
548287086
321786490
443580741
829532907
308364692
36226900
668085572
640831742
109417652
306313338
330104128
668984296
550433649
547552230
720477421
503818354
124470444
811650754
965938890
854329545
696031513
358412664
266562137
302696561
252021362
790326910
916426616
935121587
874954045
87502884
932494839
331541138
611223366
686459188
231265625
276797382
189343284
316949267
414497128
34170623
764056022
528980393
715213277
652381308
574836556
8069129
814628593
114822928
630895606
665714197
939938691
567232532
728080857
466841599
912096748
364653171
129054674
427310325
545573253
655430568
721391840
733964272
108295716
407904254
228226511
39008512
285267557
103680103
38117988
903977141
889824007
622181129
886208292
774891742
108074742
703527078
11258190
163896827
718280867
341219256
495731794
649011020
239107159
404589383
605219082
429904932
171321355
801819887
549936994
399716435
226270038
297455672
589367142
221533433
860827332
243261806
397816395
183083608
11338351
515060322
751573171
937280575
190276737
134087022
689539565
23326737
621656006
144210203
993609270
804786448
5007214
971412292
441660498
748276243
557365014
828548596
809940962
795652458
721642310
551601529
525879982
51003381
787447520
230605966
881396733
530130140
48380187
104124389
555786091
807202645
174197468
487721464
680744486
369677973
509697644
906825822
236081445
244860764
273802773
63255168
679746360
702509380
216066996
462301499
527102822
546884737
838979828
77201239
543316147
897954447
714007632
66370093
540231354
825211610
312199052
837947834
138329249
163415457
872038231
247655293
651201059
86213477
887381100
65808631
417566547
693765503
95789358
496664124
268784199
543333888
535256237
611208096
56356178
131572754
443137980
372287878
934749125
743619990
559036729
759664347
569125201
769899244
677838828
329936517
488111862
528777937
139193565
900249780
396797585
45243216
180515651
864906492
852797745
508270148
753698053
417121026
712850386
547254889
555378053
784599804
371023287
533227639
305091811
807089415
649927535
986813363
686940062
686185193
400660067
304353561
984851926
871406687
472162954
364919418
225922015
597241700
311642094
474942069
295801249
469542747
515874522
918666155
238928204
917226625
656607723
564620538
122453403
421907657
494165213
452103998
992941845
924269324
338236412
424292352
195262434
274754604
239009489
822968196
680728111
968479290
267083923
557903306