0
1003002
2005006
3009012
4015020
5023030
6033042
7045056
8059072
9075090
10093110
11113132
12135156
13159182
14185210
15213240
16243272
17275306
18309342
19345380
20383420
21423462
22465506
23509552
24555600
25603650
26653702
27705756
28759812
29815870
30873930
31933992
32995056
34058122
35123190
36190260
37259332
38330406
39403482
40478560
41555640
42634722
43715806
44798892
45883980
46971070
48060162
49151256
50244352
51339450
52436550
53535652
54636756
55739862
56844970
57952080
59061192
60172306
61285422
62400540
63517660
64636782
65757906
66881032
68006160
69133290
70262422
71393556
72526692
73661830
74798970
75938112
77079256
78222402
79367550
80514700
81663852
82815006
83968162
85123320
86280480
87439642
88600806
89763972
90929140
92096310
93265482
94436656
95609832
96785010
97962190
99141372
100322556
101505742
102690930
103878120
105067312
106258506
107451702
108646900
109844100
111043302
112244506
113447712
114652920
115860130
117069342
118280556
119493772
120708990
121926210
123145432
124366656
125589882
126815110
128042340
129271572
130502806
131736042
132971280
134208520
135447762
136689006
137932252
139177500
140424750
141674002
142925256
144178512
145433770
146691030
147950292
149211556
150474822
151740090
153007360
154276632
155547906
156821182
158096460
159373740
160653022
161934306
163217592
164502880
165790170
167079462
168370756
169664052
170959350
172256650
173555952
174857256
176160562
177465870
178773180
180082492
181393806
182707122
184022440
185339760
186659082
187980406
189303732
190629060
191956390
193285722
194617056
195950392
197285730
198623070
199962412
201303756
202647102
203992450
205339800
206689152
208040506
209393862
210749220
212106580
213465942
214827306
216190672
217556040
218923410
220292782
221664156
223037532
224412910
225790290
227169672
228551056
229934442
231319830
232707220
234096612
235488006
236881402
238276800
239674200
241073602
242475006
243878412
245283820
246691230
248100642
249512056
250925472
252340890
253758310
255177732
256599156
258022582
259448010
260875440
262304872
263736306
265169742
266605180
268042620
269482062
270923506
272366952
273812400
275259850
276709302
278160756
279614212
281069670
282527130
283986592
285448056
286911522
288376990
289844460
291313932
292785406
294258882
295734360
297211840
298691322
300172806
301656292
303141780
304629270
306118762
307610256
309103752
310599250
312096750
313596252
315097756
316601262
318106770
319614280
321123792
322635306
324148822
325664340
327181860
328701382
330222906
331746432
333271960
334799490
336329022
337860556
339394092
340929630
342467170
344006712
345548256
347091802
348637350
350184900
351734452
353286006
354839562
356395120
357952680
359512242
361073806
362637372
364202940
365770510
367340082
368911656
370485232
372060810
373638390
375217972
376799556
378383142
379968730
381556320
383145912
384737506
386331102
387926700
389524300
391123902
392725506
394329112
395934720
397542330
399151942
400763556
402377172
403992790
405610410
407230032
408851656
410475282
412100910
413728540
415358172
416989806
418623442
420259080
421896720
423536362
425178006
426821652
428467300
430114950
431764602
433416256
435069912
436725570
438383230
440042892
441704556
443368222
445033890
446701560
448371232
450042906
451716582
453392260
455069940
456749622
458431306
460114992
461800680
463488370
465178062
466869756
468563452
470259150
471956850
473656552
475358256
477061962
478767670
480475380
482185092
483896806
485610522
487326240
489043960
490763682
492485406
494209132
495934860
497662590
499392322
501124056
502857792