1002
1 2 2
2 3 3
3 4 4
4 5 5
5 6 6
6 7 7
7 8 8
8 9 9
9 10 10
10 11 11
11 12 12
12 13 13
13 14 14
14 15 15
15 16 16
16 17 17
17 18 1
18 19 2
19 20 3
20 21 4
21 22 5
22 23 6
23 24 7
24 25 8
25 26 9
26 27 10
27 28 11
28 29 12
29 30 13
30 31 14
31 32 15
32 33 16
33 34 17
34 35 1
35 36 2
36 37 3
37 38 4
38 39 5
39 40 6
40 41 7
41 42 8
42 43 9
43 44 10
44 45 11
45 46 12
46 47 13
47 48 14
48 49 15
49 50 16
50 51 17
51 52 1
52 53 2
53 54 3
54 55 4
55 56 5
56 57 6
57 58 7
58 59 8
59 60 9
60 61 10
61 62 11
62 63 12
63 64 13
64 65 14
65 66 15
66 67 16
67 68 17
68 69 1
69 70 2
70 71 3
71 72 4
72 73 5
73 74 6
74 75 7
75 76 8
76 77 9
77 78 10
78 79 11
79 80 12
80 81 13
81 82 14
82 83 15
83 84 16
84 85 17
85 86 1
86 87 2
87 88 3
88 89 4
89 90 5
90 91 6
91 92 7
92 93 8
93 94 9
94 95 10
95 96 11
96 97 12
97 98 13
98 99 14
99 100 15
100 101 16
101 102 17
102 103 1
103 104 2
104 105 3
105 106 4
106 107 5
107 108 6
108 109 7
109 110 8
110 111 9
111 112 10
112 113 11
113 114 12
114 115 13
115 116 14
116 117 15
117 118 16
118 119 17
119 120 1
120 121 2
121 122 3
122 123 4
123 124 5
124 125 6
125 126 7
126 127 8
127 128 9
128 129 10
129 130 11
130 131 12
131 132 13
132 133 14
133 134 15
134 135 16
135 136 17
136 137 1
137 138 2
138 139 3
139 140 4
140 141 5
141 142 6
142 143 7
143 144 8
144 145 9
145 146 10
146 147 11
147 148 12
148 149 13
149 150 14
150 151 15
151 152 16
152 153 17
153 154 1
154 155 2
155 156 3
156 157 4
157 158 5
158 159 6
159 160 7
160 161 8
161 162 9
162 163 10
163 164 11
164 165 12
165 166 13
166 167 14
167 168 15
168 169 16
169 170 17
170 171 1
171 172 2
172 173 3
173 174 4
174 175 5
175 176 6
176 177 7
177 178 8
178 179 9
179 180 10
180 181 11
181 182 12
182 183 13
183 184 14
184 185 15
185 186 16
186 187 17
187 188 1
188 189 2
189 190 3
190 191 4
191 192 5
192 193 6
193 194 7
194 195 8
195 196 9
196 197 10
197 198 11
198 199 12
199 200 13
200 201 14
201 202 15
202 203 16
203 204 17
204 205 1
205 206 2
206 207 3
207 208 4
208 209 5
209 210 6
210 211 7
211 212 8
212 213 9
213 214 10
214 215 11
215 216 12
216 217 13
217 218 14
218 219 15
219 220 16
220 221 17
221 222 1
222 223 2
223 224 3
224 225 4
225 226 5
226 227 6
227 228 7
228 229 8
229 230 9
230 231 10
231 232 11
232 233 12
233 234 13
234 235 14
235 236 15
236 237 16
237 238 17
238 239 1
239 240 2
240 241 3
241 242 4
242 243 5
243 244 6
244 245 7
245 246 8
246 247 9
247 248 10
248 249 11
249 250 12
250 251 13
251 252 14
252 253 15
253 254 16
254 255 17
255 256 1
256 257 2
257 258 3
258 259 4
259 260 5
260 261 6
261 262 7
262 263 8
263 264 9
264 265 10
265 266 11
266 267 12
267 268 13
268 269 14
269 270 15
270 271 16
271 272 17
272 273 1
273 274 2
274 275 3
275 276 4
276 277 5
277 278 6
278 279 7
279 280 8
280 281 9
281 282 10
282 283 11
283 284 12
284 285 13
285 286 14
286 287 15
287 288 16
288 289 17
289 290 1
290 291 2
291 292 3
292 293 4
293 294 5
294 295 6
295 296 7
296 297 8
297 298 9
298 299 10
299 300 11
300 301 12
301 302 13
302 303 14
303 304 15
304 305 16
305 306 17
306 307 1
307 308 2
308 309 3
309 310 4
310 311 5
311 312 6
312 313 7
313 314 8
314 315 9
315 316 10
316 317 11
317 318 12
318 319 13
319 320 14
320 321 15
321 322 16
322 323 17
323 324 1
324 325 2
325 326 3
326 327 4
327 328 5
328 329 6
329 330 7
330 331 8
331 332 9
332 333 10
333 334 11
334 335 12
335 336 13
336 337 14
337 338 15
338 339 16
339 340 17
340 341 1
341 342 2
342 343 3
343 344 4
344 345 5
345 346 6
346 347 7
347 348 8
348 349 9
349 350 10
350 351 11
351 352 12
352 353 13
353 354 14
354 355 15
355 356 16
356 357 17
357 358 1
358 359 2
359 360 3
360 361 4
361 362 5
362 363 6
363 364 7
364 365 8
365 366 9
366 367 10
367 368 11
368 369 12
369 370 13
370 371 14
371 372 15
372 373 16
373 374 17
374 375 1
375 376 2
376 377 3
377 378 4
378 379 5
379 380 6
380 381 7
381 382 8
382 383 9
383 384 10
384 385 11
385 386 12
386 387 13
387 388 14
388 389 15
389 390 16
390 391 17
391 392 1
392 393 2
393 394 3
394 395 4
395 396 5
396 397 6
397 398 7
398 399 8
399 400 9
400 401 10
401 402 11
402 403 12
403 404 13
404 405 14
405 406 15
406 407 16
407 408 17
408 409 1
409 410 2
410 411 3
411 412 4
412 413 5
413 414 6
414 415 7
415 416 8
416 417 9
417 418 10
418 419 11
419 420 12
420 421 13
421 422 14
422 423 15
423 424 16
424 425 17
425 426 1
426 427 2
427 428 3
428 429 4
429 430 5
430 431 6
431 432 7
432 433 8
433 434 9
434 435 10
435 436 11
436 437 12
437 438 13
438 439 14
439 440 15
440 441 16
441 442 17
442 443 1
443 444 2
444 445 3
445 446 4
446 447 5
447 448 6
448 449 7
449 450 8
450 451 9
451 452 10
452 453 11
453 454 12
454 455 13
455 456 14
456 457 15
457 458 16
458 459 17
459 460 1
460 461 2
461 462 3
462 463 4
463 464 5
464 465 6
465 466 7
466 467 8
467 468 9
468 469 10
469 470 11
470 471 12
471 472 13
472 473 14
473 474 15
474 475 16
475 476 17
476 477 1
477 478 2
478 479 3
479 480 4
480 481 5
481 482 6
482 483 7
483 484 8
484 485 9
485 486 10
486 487 11
487 488 12
488 489 13
489 490 14
490 491 15
491 492 16
492 493 17
493 494 1
494 495 2
495 496 3
496 497 4
497 498 5
498 499 6
499 500 7
500 501 8
501 502 9
502 503 10
503 504 11
504 505 12
505 506 13
506 507 14
507 508 15
508 509 16
509 510 17
510 511 1
511 512 2
512 513 3
513 514 4
514 515 5
515 516 6
516 517 7
517 518 8
518 519 9
519 520 10
520 521 11
521 522 12
522 523 13
523 524 14
524 525 15
525 526 16
526 527 17
527 528 1
528 529 2
529 530 3
530 531 4
531 532 5
532 533 6
533 534 7
534 535 8
535 536 9
536 537 10
537 538 11
538 539 12
539 540 13
540 541 14
541 542 15
542 543 16
543 544 17
544 545 1
545 546 2
546 547 3
547 548 4
548 549 5
549 550 6
550 551 7
551 552 8
552 553 9
553 554 10
554 555 11
555 556 12
556 557 13
557 558 14
558 559 15
559 560 16
560 561 17
561 562 1
562 563 2
563 564 3
564 565 4
565 566 5
566 567 6
567 568 7
568 569 8
569 570 9
570 571 10
571 572 11
572 573 12
573 574 13
574 575 14
575 576 15
576 577 16
577 578 17
578 579 1
579 580 2
580 581 3
581 582 4
582 583 5
583 584 6
584 585 7
585 586 8
586 587 9
587 588 10
588 589 11
589 590 12
590 591 13
591 592 14
592 593 15
593 594 16
594 595 17
595 596 1
596 597 2
597 598 3
598 599 4
599 600 5
600 601 6
601 602 7
602 603 8
603 604 9
604 605 10
605 606 11
606 607 12
607 608 13
608 609 14
609 610 15
610 611 16
611 612 17
612 613 1
613 614 2
614 615 3
615 616 4
616 617 5
617 618 6
618 619 7
619 620 8
620 621 9
621 622 10
622 623 11
623 624 12
624 625 13
625 626 14
626 627 15
627 628 16
628 629 17
629 630 1
630 631 2
631 632 3
632 633 4
633 634 5
634 635 6
635 636 7
636 637 8
637 638 9
638 639 10
639 640 11
640 641 12
641 642 13
642 643 14
643 644 15
644 645 16
645 646 17
646 647 1
647 648 2
648 649 3
649 650 4
650 651 5
651 652 6
652 653 7
653 654 8
654 655 9
655 656 10
656 657 11
657 658 12
658 659 13
659 660 14
660 661 15
661 662 16
662 663 17
663 664 1
664 665 2
665 666 3
666 667 4
667 668 5
668 669 6
669 670 7
670 671 8
671 672 9
672 673 10
673 674 11
674 675 12
675 676 13
676 677 14
677 678 15
678 679 16
679 680 17
680 681 1
681 682 2
682 683 3
683 684 4
684 685 5
685 686 6
686 687 7
687 688 8
688 689 9
689 690 10
690 691 11
691 692 12
692 693 13
693 694 14
694 695 15
695 696 16
696 697 17
697 698 1
698 699 2
699 700 3
700 701 4
701 702 5
702 703 6
703 704 7
704 705 8
705 706 9
706 707 10
707 708 11
708 709 12
709 710 13
710 711 14
711 712 15
712 713 16
713 714 17
714 715 1
715 716 2
716 717 3
717 718 4
718 719 5
719 720 6
720 721 7
721 722 8
722 723 9
723 724 10
724 725 11
725 726 12
726 727 13
727 728 14
728 729 15
729 730 16
730 731 17
731 732 1
732 733 2
733 734 3
734 735 4
735 736 5
736 737 6
737 738 7
738 739 8
739 740 9
740 741 10
741 742 11
742 743 12
743 744 13
744 745 14
745 746 15
746 747 16
747 748 17
748 749 1
749 750 2
750 751 3
751 752 4
752 753 5
753 754 6
754 755 7
755 756 8
756 757 9
757 758 10
758 759 11
759 760 12
760 761 13
761 762 14
762 763 15
763 764 16
764 765 17
765 766 1
766 767 2
767 768 3
768 769 4
769 770 5
770 771 6
771 772 7
772 773 8
773 774 9
774 775 10
775 776 11
776 777 12
777 778 13
778 779 14
779 780 15
780 781 16
781 782 17
782 783 1
783 784 2
784 785 3
785 786 4
786 787 5
787 788 6
788 789 7
789 790 8
790 791 9
791 792 10
792 793 11
793 794 12
794 795 13
795 796 14
796 797 15
797 798 16
798 799 17
799 800 1
800 801 2
801 802 3
802 803 4
803 804 5
804 805 6
805 806 7
806 807 8
807 808 9
808 809 10
809 810 11
810 811 12
811 812 13
812 813 14
813 814 15
814 815 16
815 816 17
816 817 1
817 818 2
818 819 3
819 820 4
820 821 5
821 822 6
822 823 7
823 824 8
824 825 9
825 826 10
826 827 11
827 828 12
828 829 13
829 830 14
830 831 15
831 832 16
832 833 17
833 834 1
834 835 2
835 836 3
836 837 4
837 838 5
838 839 6
839 840 7
840 841 8
841 842 9
842 843 10
843 844 11
844 845 12
845 846 13
846 847 14
847 848 15
848 849 16
849 850 17
850 851 1
851 852 2
852 853 3
853 854 4
854 855 5
855 856 6
856 857 7
857 858 8
858 859 9
859 860 10
860 861 11
861 862 12
862 863 13
863 864 14
864 865 15
865 866 16
866 867 17
867 868 1
868 869 2
869 870 3
870 871 4
871 872 5
872 873 6
873 874 7
874 875 8
875 876 9
876 877 10
877 878 11
878 879 12
879 880 13
880 881 14
881 882 15
882 883 16
883 884 17
884 885 1
885 886 2
886 887 3
887 888 4
888 889 5
889 890 6
890 891 7
891 892 8
892 893 9
893 894 10
894 895 11
895 896 12
896 897 13
897 898 14
898 899 15
899 900 16
900 901 17
901 902 1
902 903 2
903 904 3
904 905 4
905 906 5
906 907 6
907 908 7
908 909 8
909 910 9
910 911 10
911 912 11
912 913 12
913 914 13
914 915 14
915 916 15
916 917 16
917 918 17
918 919 1
919 920 2
920 921 3
921 922 4
922 923 5
923 924 6
924 925 7
925 926 8
926 927 9
927 928 10
928 929 11
929 930 12
930 931 13
931 932 14
932 933 15
933 934 16
934 935 17
935 936 1
936 937 2
937 938 3
938 939 4
939 940 5
940 941 6
941 942 7
942 943 8
943 944 9
944 945 10
945 946 11
946 947 12
947 948 13
948 949 14
949 950 15
950 951 16
951 952 17
952 953 1
953 954 2
954 955 3
955 956 4
956 957 5
957 958 6
958 959 7
959 960 8
960 961 9
961 962 10
962 963 11
963 964 12
964 965 13
965 966 14
966 967 15
967 968 16
968 969 17
969 970 1
970 971 2
971 972 3
972 973 4
973 974 5
974 975 6
975 976 7
976 977 8
977 978 9
978 979 10
979 980 11
980 981 12
981 982 13
982 983 14
983 984 15
984 985 16
985 986 17
986 987 1
987 988 2
988 989 3
989 990 4
990 991 5
991 992 6
992 993 7
993 994 8
994 995 9
995 996 10
996 997 11
997 998 12
998 999 13
999 1000 14
1000 1001 15
1001 1002 16
